2 0.839844 0.568848 0.031250 0.040039
5 0.090820 0.589355 0.039062 0.047852
3 0.124512 0.484375 0.020508 0.023438
5 0.019531 0.759766 0.039062 0.089844
0 0.548340 0.510742 0.014648 0.027344
5 0.848145 0.474609 0.024414 0.025391
10 0.371094 0.583496 0.041016 0.038086
2 0.916992 0.550781 0.031250 0.037109
3 0.498535 0.475586 0.012695 0.021484
1 0.918457 0.566895 0.032227 0.028320
5 0.343262 0.477051 0.014648 0.026367
9 0.482910 0.484375 0.024414 0.025391
1 0.266113 0.556152 0.022461 0.026367
9 0.987305 0.601074 0.023438 0.045898
