2 0.838379 0.541504 0.034180 0.034180
5 0.139160 0.588379 0.024414 0.047852
3 0.035156 0.517090 0.017578 0.024414
5 0.266602 0.704590 0.042969 0.086914
0 0.516602 0.518066 0.017578 0.026367
5 0.745117 0.487305 0.025391 0.021484
10 0.427246 0.569824 0.045898 0.038086
2 0.881836 0.528320 0.033203 0.031250
3 0.425293 0.498047 0.016602 0.021484
1 0.894531 0.539062 0.033203 0.023438
5 0.269531 0.503906 0.015625 0.025391
3 0.060059 0.727051 0.045898 0.073242
9 0.421875 0.504395 0.029297 0.024414
1 0.282227 0.560059 0.021484 0.026367
