2 0.854492 0.535645 0.037109 0.034180
5 0.124023 0.574219 0.025391 0.048828
3 0.002441 0.527832 0.004883 0.026367
5 0.296875 0.656250 0.056641 0.089844
0 0.510254 0.523438 0.018555 0.027344
5 0.734375 0.502441 0.027344 0.020508
10 0.433594 0.558105 0.050781 0.040039
2 0.893066 0.526855 0.034180 0.030273
3 0.408203 0.512207 0.017578 0.022461
1 0.908691 0.535645 0.036133 0.022461
5 0.245117 0.517090 0.017578 0.024414
3 0.060547 0.676758 0.048828 0.083984
9 0.406250 0.515625 0.031250 0.025391
1 0.271973 0.555176 0.024414 0.026367
