2 0.828613 0.530273 0.034180 0.029297
5 0.170410 0.544434 0.028320 0.040039
3 0.002441 0.540039 0.004883 0.025391
5 0.395508 0.551758 0.062500 0.064453
0 0.500977 0.532715 0.017578 0.024414
5 0.700684 0.527344 0.026367 0.019531
10 0.451660 0.538086 0.049805 0.035156
2 0.859375 0.528809 0.031250 0.026367
3 0.393066 0.532227 0.018555 0.021484
1 0.875977 0.533691 0.033203 0.018555
5 0.237793 0.535156 0.018555 0.023438
3 0.197266 0.556641 0.046875 0.068359
9 0.394531 0.533203 0.031250 0.023438
1 0.291992 0.544434 0.025391 0.022461
9 0.979980 0.529297 0.038086 0.031250
