8 0.098633 0.660156 0.027344 0.058594
5 0.551270 0.507324 0.022461 0.028320
10 0.041016 0.528809 0.031250 0.026367
0 0.686523 0.494629 0.015625 0.022461
8 0.904297 0.547363 0.048828 0.038086
10 0.095703 0.640625 0.042969 0.039062
9 0.502441 0.478027 0.026367 0.022461
3 0.451660 0.496582 0.016602 0.022461
2 0.061035 0.542480 0.018555 0.030273
6 0.673340 0.464844 0.022461 0.019531
8 0.681641 0.468262 0.027344 0.024414
9 0.306641 0.750977 0.054688 0.062500
5 0.759766 0.585449 0.039062 0.040039
7 0.395996 0.543457 0.024414 0.028320
