0 0.525879 0.512695 0.014648 0.021484
5 0.488770 0.516602 0.022461 0.023438
0 0.252930 0.558105 0.019531 0.032227
5 0.678223 0.609375 0.057617 0.054688
10 0.110840 0.552734 0.034180 0.031250
9 0.687500 0.511230 0.031250 0.022461
5 0.949707 0.612793 0.075195 0.057617
6 0.645020 0.508301 0.024414 0.020508
8 0.227539 0.532227 0.019531 0.029297
1 0.461426 0.521973 0.018555 0.016602
2 0.094238 0.530762 0.014648 0.026367
4 0.414062 0.525879 0.019531 0.024414
2 0.757812 0.530273 0.027344 0.027344
5 0.305664 0.574219 0.029297 0.041016
