0 0.699707 0.480957 0.016602 0.026367
5 0.638184 0.481445 0.024414 0.033203
0 0.211426 0.523926 0.022461 0.030273
5 0.081543 0.757324 0.075195 0.075195
10 0.187988 0.482910 0.040039 0.028320
9 0.873047 0.523926 0.035156 0.036133
5 0.188965 0.890625 0.084961 0.099609
6 0.858398 0.504395 0.019531 0.028320
8 0.354980 0.461426 0.036133 0.034180
1 0.599121 0.483398 0.020508 0.021484
2 0.297363 0.433105 0.022461 0.024414
4 0.510254 0.487793 0.022461 0.028320
7 0.980957 0.945312 0.036133 0.107422
2 0.757324 0.605469 0.026367 0.042969
5 0.142090 0.569336 0.049805 0.044922
