0 0.556152 0.482910 0.012695 0.020508
5 0.517090 0.490234 0.018555 0.025391
0 0.259766 0.574707 0.015625 0.030273
5 0.559082 0.712402 0.036133 0.061523
10 0.148926 0.555176 0.032227 0.028320
9 0.711914 0.487793 0.029297 0.024414
5 0.793945 0.738770 0.052734 0.065430
6 0.675781 0.479004 0.021484 0.020508
8 0.266602 0.514648 0.013672 0.031250
1 0.488770 0.497070 0.014648 0.017578
2 0.155273 0.504883 0.015625 0.025391
4 0.437012 0.509277 0.014648 0.024414
2 0.748047 0.538086 0.023438 0.029297
5 0.286621 0.612793 0.018555 0.043945
