0 0.525879 0.516113 0.014648 0.020508
5 0.488770 0.519531 0.022461 0.023438
0 0.248047 0.554688 0.019531 0.033203
5 0.683105 0.598633 0.059570 0.054688
10 0.103516 0.550781 0.035156 0.031250
9 0.689453 0.514648 0.031250 0.021484
5 0.960938 0.600586 0.076172 0.056641
6 0.645996 0.512207 0.024414 0.020508
8 0.223633 0.533691 0.019531 0.028320
1 0.460449 0.524902 0.018555 0.016602
2 0.088379 0.532227 0.014648 0.025391
4 0.412598 0.527344 0.018555 0.025391
2 0.761230 0.530273 0.028320 0.027344
5 0.301270 0.568359 0.030273 0.041016
