0 0.686035 0.530273 0.014648 0.023438
5 0.624512 0.530273 0.020508 0.025391
0 0.195801 0.533203 0.022461 0.029297
5 0.114746 0.564941 0.077148 0.055664
10 0.158203 0.527832 0.041016 0.026367
9 0.871094 0.536621 0.031250 0.028320
5 0.281738 0.584961 0.083008 0.072266
6 0.847656 0.534180 0.013672 0.025391
8 0.330078 0.525879 0.035156 0.024414
1 0.586426 0.533691 0.018555 0.016602
2 0.261719 0.522461 0.021484 0.021484
4 0.499023 0.530273 0.021484 0.025391
2 0.791016 0.545898 0.021484 0.035156
5 0.132324 0.539062 0.049805 0.035156
