9 0.032715 0.569824 0.051758 0.040039
4 0.899902 0.722656 0.032227 0.052734
7 0.557129 0.505859 0.032227 0.025391
9 0.647949 0.493652 0.032227 0.028320
0 0.588867 0.486328 0.015625 0.023438
7 0.864746 0.488770 0.020508 0.022461
9 0.638184 0.660156 0.053711 0.052734
10 0.177246 0.572754 0.049805 0.036133
6 0.291016 0.503418 0.035156 0.026367
2 0.244141 0.480469 0.025391 0.025391
0 0.807617 0.550293 0.019531 0.030273
4 0.846191 0.538574 0.020508 0.030273
3 0.720703 0.529297 0.021484 0.027344
10 0.209961 0.508301 0.039062 0.028320
