10 0.549316 0.572266 0.045898 0.041016
4 0.815918 0.573242 0.034180 0.042969
5 0.847656 0.541504 0.031250 0.030273
9 0.166992 0.522461 0.029297 0.021484
3 0.779297 0.548828 0.025391 0.031250
2 0.216309 0.530762 0.018555 0.024414
9 0.443359 0.536133 0.029297 0.027344
3 0.942871 0.584473 0.043945 0.045898
3 0.634277 0.539551 0.018555 0.028320
3 0.139160 0.543457 0.024414 0.028320
8 0.666992 0.522461 0.019531 0.023438
0 0.520996 0.529297 0.012695 0.023438
1 0.787109 0.527832 0.017578 0.014648
10 0.128906 0.529297 0.033203 0.023438
5 0.290527 0.528809 0.018555 0.024414
