10 0.593750 0.771484 0.060547 0.054688
4 0.913574 0.769043 0.049805 0.061523
5 0.903320 0.553711 0.041016 0.046875
9 0.102539 0.450195 0.035156 0.029297
3 0.835449 0.605469 0.034180 0.039062
2 0.164062 0.497559 0.023438 0.034180
9 0.434082 0.530273 0.034180 0.039062
3 0.657715 0.549316 0.024414 0.034180
3 0.076660 0.583008 0.032227 0.037109
8 0.675781 0.440918 0.025391 0.036133
0 0.517578 0.484863 0.015625 0.028320
1 0.811035 0.454102 0.022461 0.021484
10 0.060547 0.490234 0.041016 0.029297
5 0.250488 0.486816 0.022461 0.038086
