10 0.726562 0.635742 0.052734 0.041016
4 0.908691 0.606445 0.040039 0.037109
5 0.788574 0.512207 0.036133 0.030273
9 0.065918 0.518066 0.030273 0.028320
3 0.775879 0.541504 0.030273 0.028320
2 0.182617 0.541504 0.019531 0.030273
9 0.446289 0.536133 0.035156 0.031250
3 0.624023 0.527832 0.025391 0.026367
3 0.192383 0.599609 0.023438 0.033203
8 0.556641 0.467773 0.029297 0.025391
0 0.472656 0.503906 0.015625 0.023438
1 0.661621 0.467285 0.020508 0.016602
10 0.070801 0.547363 0.032227 0.030273
5 0.250488 0.527344 0.022461 0.031250
