10 0.547363 0.648926 0.049805 0.047852
4 0.841797 0.652832 0.039062 0.051758
5 0.874023 0.550293 0.035156 0.038086
9 0.152344 0.491699 0.031250 0.024414
3 0.800293 0.574219 0.028320 0.035156
2 0.201172 0.515137 0.021484 0.028320
9 0.439453 0.533203 0.031250 0.031250
3 0.979492 0.692383 0.039062 0.054688
3 0.644043 0.544922 0.020508 0.031250
3 0.112793 0.554199 0.028320 0.032227
8 0.680176 0.492188 0.020508 0.027344
0 0.524414 0.512207 0.013672 0.026367
1 0.807617 0.501465 0.019531 0.018555
10 0.109863 0.510254 0.036133 0.026367
5 0.279785 0.510742 0.020508 0.029297
