10 0.738281 0.657227 0.058594 0.044922
4 0.939941 0.623535 0.043945 0.041992
5 0.810547 0.511719 0.039062 0.033203
9 0.045410 0.512207 0.030273 0.030273
3 0.795410 0.545410 0.032227 0.030273
2 0.162598 0.540527 0.020508 0.032227
9 0.442383 0.536133 0.037109 0.035156
3 0.633301 0.527832 0.026367 0.028320
3 0.163574 0.607422 0.022461 0.035156
8 0.565918 0.459473 0.030273 0.028320
0 0.473633 0.500000 0.017578 0.025391
1 0.676758 0.459473 0.021484 0.016602
10 0.044434 0.545898 0.034180 0.031250
5 0.236328 0.524902 0.023438 0.034180
