3 0.541504 0.515625 0.018555 0.025391
4 0.458984 0.549316 0.023438 0.034180
9 0.884766 0.596191 0.070312 0.051758
8 0.529785 0.545898 0.034180 0.039062
6 0.673828 0.545898 0.035156 0.033203
10 0.255859 0.540039 0.033203 0.031250
5 0.187988 0.582520 0.024414 0.047852
3 0.561523 0.500488 0.017578 0.020508
5 0.263672 0.508789 0.013672 0.023438
4 0.486816 0.532227 0.020508 0.029297
0 0.470703 0.517090 0.015625 0.024414
6 0.500000 0.507324 0.019531 0.022461
8 0.916016 0.549805 0.058594 0.041016
3 0.865723 0.557129 0.038086 0.036133
