3 0.626465 0.500488 0.016602 0.026367
4 0.413574 0.555176 0.026367 0.036133
9 0.590332 0.720215 0.061523 0.067383
8 0.484375 0.558594 0.033203 0.046875
6 0.621582 0.582031 0.024414 0.037109
10 0.294922 0.513672 0.039062 0.029297
5 0.107422 0.576172 0.048828 0.046875
3 0.712891 0.471680 0.013672 0.023438
5 0.414551 0.457031 0.020508 0.025391
4 0.504883 0.526855 0.021484 0.032227
0 0.552734 0.494629 0.015625 0.026367
6 0.625488 0.479004 0.016602 0.024414
8 0.856934 0.631348 0.030273 0.063477
3 0.763184 0.639160 0.024414 0.043945
