3 0.518066 0.506348 0.020508 0.024414
4 0.474609 0.553223 0.027344 0.034180
9 0.913086 0.603516 0.066406 0.048828
8 0.539062 0.546875 0.041016 0.039062
6 0.674316 0.544434 0.038086 0.032227
10 0.260742 0.545410 0.037109 0.032227
5 0.243164 0.603516 0.031250 0.050781
3 0.521484 0.485840 0.017578 0.020508
5 0.231445 0.500977 0.017578 0.025391
4 0.483398 0.529785 0.023438 0.030273
0 0.451172 0.509766 0.015625 0.025391
6 0.467773 0.495605 0.021484 0.022461
8 0.898926 0.544434 0.059570 0.040039
3 0.860352 0.555176 0.037109 0.034180
