3 0.562500 0.498535 0.019531 0.026367
4 0.445801 0.560547 0.022461 0.039062
9 0.882812 0.670898 0.080078 0.066406
8 0.523926 0.556152 0.030273 0.047852
6 0.682129 0.561523 0.036133 0.037109
10 0.242188 0.537109 0.037109 0.033203
5 0.129883 0.614746 0.037109 0.057617
3 0.596191 0.471191 0.016602 0.022461
5 0.280273 0.479492 0.015625 0.027344
4 0.490234 0.528320 0.019531 0.033203
0 0.486328 0.500000 0.015625 0.027344
6 0.525879 0.481934 0.018555 0.024414
8 0.952637 0.575684 0.065430 0.053711
3 0.889160 0.590332 0.041992 0.041992
