9 0.435059 0.562500 0.051758 0.042969
1 0.360352 0.555176 0.027344 0.024414
10 0.038086 0.536621 0.044922 0.028320
10 0.655273 0.530273 0.025391 0.023438
3 0.079590 0.526855 0.024414 0.022461
4 0.987305 0.566406 0.023438 0.042969
10 0.346680 0.523438 0.027344 0.019531
0 0.482910 0.525879 0.012695 0.020508
3 0.729980 0.532227 0.014648 0.023438
4 0.522949 0.528809 0.014648 0.022461
6 0.718750 0.540039 0.017578 0.027344
6 0.497559 0.542969 0.022461 0.029297
10 0.180176 0.538574 0.041992 0.028320
9 0.788086 0.527344 0.025391 0.021484
3 0.941406 0.577637 0.039062 0.047852
