9 0.138672 0.539062 0.031250 0.025391
10 0.232422 0.539062 0.066406 0.050781
4 0.435547 0.536133 0.052734 0.058594
3 0.712891 0.530273 0.031250 0.029297
4 0.445312 0.534180 0.023438 0.025391
0 0.874023 0.527832 0.025391 0.030273
8 0.521973 0.533691 0.045898 0.032227
10 0.410645 0.534668 0.032227 0.022461
7 0.747070 0.533203 0.041016 0.015625
8 0.424805 0.534180 0.035156 0.027344
6 0.254883 0.537109 0.025391 0.027344
5 0.535645 0.532227 0.026367 0.021484
5 0.445312 0.534180 0.027344 0.025391
2 0.293945 0.537109 0.023438 0.029297
7 0.884277 0.531738 0.051758 0.016602
