9 0.189453 0.491211 0.027344 0.029297
10 0.122559 0.752930 0.057617 0.054688
4 0.247070 0.846191 0.033203 0.069336
3 0.707031 0.561523 0.029297 0.033203
4 0.461914 0.515625 0.019531 0.029297
0 0.867676 0.581543 0.026367 0.034180
8 0.496094 0.580566 0.033203 0.049805
10 0.454590 0.474609 0.028320 0.025391
7 0.794922 0.489746 0.037109 0.026367
8 0.436523 0.523926 0.025391 0.040039
6 0.278320 0.523926 0.017578 0.028320
5 0.583496 0.468262 0.022461 0.028320
5 0.473633 0.496582 0.021484 0.032227
2 0.300293 0.544434 0.018555 0.034180
7 0.919922 0.529785 0.048828 0.032227
