9 0.200195 0.520996 0.025391 0.024414
10 0.183105 0.625488 0.047852 0.045898
4 0.311035 0.659180 0.032227 0.054688
3 0.690918 0.543457 0.026367 0.028320
4 0.460938 0.528320 0.019531 0.025391
0 0.838379 0.549805 0.022461 0.029297
8 0.500977 0.553711 0.033203 0.037109
10 0.448242 0.511230 0.027344 0.022461
7 0.765137 0.516113 0.034180 0.018555
8 0.438477 0.531738 0.025391 0.030273
6 0.289062 0.533203 0.017578 0.025391
5 0.567383 0.507324 0.021484 0.022461
5 0.469727 0.520020 0.021484 0.026367
2 0.313477 0.541016 0.017578 0.029297
7 0.881348 0.531250 0.043945 0.021484
