2 0.088867 0.536133 0.019531 0.033203
4 0.741699 0.459473 0.020508 0.022461
5 0.716797 0.722168 0.056641 0.071289
0 0.636230 0.694824 0.030273 0.047852
4 0.304199 0.484375 0.014648 0.025391
8 0.184082 0.562988 0.018555 0.045898
9 0.388184 0.557617 0.038086 0.037109
4 0.242676 0.485352 0.014648 0.025391
2 0.159180 0.504395 0.015625 0.028320
9 0.785156 0.577148 0.048828 0.041016
5 0.489746 0.544922 0.026367 0.039062
10 0.711426 0.480469 0.034180 0.025391
0 0.615723 0.474121 0.014648 0.022461
7 0.738770 0.667969 0.059570 0.054688
