2 0.169922 0.533691 0.027344 0.024414
4 0.945312 0.540039 0.019531 0.025391
5 0.299316 0.535156 0.067383 0.058594
0 0.286133 0.534668 0.037109 0.051758
4 0.425781 0.535645 0.019531 0.022461
8 0.187988 0.534180 0.045898 0.029297
9 0.354492 0.535156 0.044922 0.031250
4 0.373047 0.535645 0.019531 0.022461
2 0.273926 0.534668 0.022461 0.022461
9 0.720215 0.538574 0.047852 0.041992
5 0.471191 0.536133 0.030273 0.031250
10 0.857910 0.539551 0.034180 0.028320
0 0.753418 0.538574 0.014648 0.026367
7 0.463379 0.544922 0.055664 0.035156
