2 0.068848 0.531738 0.024414 0.032227
4 0.794922 0.498047 0.021484 0.023438
5 0.669922 0.653809 0.056641 0.073242
0 0.583984 0.632812 0.033203 0.054688
4 0.315430 0.507324 0.013672 0.024414
8 0.150391 0.547363 0.029297 0.040039
9 0.367676 0.547363 0.036133 0.036133
4 0.251953 0.507324 0.015625 0.024414
2 0.157227 0.516113 0.019531 0.028320
9 0.805664 0.564453 0.054688 0.041016
5 0.483398 0.541992 0.023438 0.037109
10 0.753418 0.509277 0.036133 0.026367
0 0.649902 0.504883 0.016602 0.023438
7 0.719727 0.623047 0.060547 0.050781
