2 0.006836 0.537598 0.013672 0.034180
4 0.842773 0.526367 0.025391 0.025391
5 0.711426 0.576172 0.083008 0.085938
0 0.590820 0.567383 0.044922 0.070312
4 0.295410 0.530273 0.016602 0.027344
8 0.080078 0.541504 0.041016 0.040039
9 0.337891 0.540527 0.042969 0.040039
4 0.224121 0.530273 0.018555 0.027344
2 0.111816 0.533203 0.022461 0.029297
9 0.874023 0.543945 0.070312 0.046875
5 0.478516 0.539062 0.027344 0.039062
10 0.797363 0.528809 0.041992 0.028320
0 0.677246 0.528320 0.018555 0.027344
7 0.776367 0.571777 0.085938 0.049805
