2 0.094727 0.546875 0.017578 0.033203
4 0.701172 0.453613 0.019531 0.022461
5 0.764648 0.702637 0.058594 0.063477
0 0.683594 0.680664 0.029297 0.044922
4 0.288574 0.488770 0.016602 0.024414
8 0.203613 0.571289 0.024414 0.044922
9 0.401855 0.559570 0.038086 0.037109
4 0.227539 0.492188 0.015625 0.025391
2 0.150879 0.513184 0.016602 0.028320
9 0.779297 0.565918 0.046875 0.038086
5 0.494141 0.543945 0.029297 0.037109
10 0.679199 0.475098 0.032227 0.024414
10 0.981445 0.565918 0.035156 0.034180
0 0.587891 0.471191 0.015625 0.022461
7 0.764648 0.651855 0.062500 0.049805
