5 0.054688 0.526855 0.039062 0.026367
9 0.873535 0.528809 0.026367 0.024414
8 0.709473 0.521484 0.018555 0.023438
8 0.819824 0.535645 0.016602 0.028320
1 0.608887 0.590332 0.032227 0.032227
4 0.551270 0.549316 0.024414 0.032227
4 0.436523 0.515137 0.017578 0.020508
3 0.330078 0.513672 0.019531 0.019531
4 0.895508 0.600098 0.027344 0.049805
0 0.378906 0.529297 0.017578 0.025391
5 0.351074 0.525879 0.028320 0.026367
9 0.633789 0.553223 0.041016 0.034180
10 0.592285 0.516602 0.026367 0.019531
4 0.532715 0.593262 0.036133 0.047852
