3 0.661621 0.519531 0.018555 0.021484
2 0.477051 0.613281 0.030273 0.046875
3 0.595215 0.578613 0.028320 0.036133
0 0.492188 0.535645 0.015625 0.024414
6 0.327148 0.540039 0.015625 0.025391
2 0.204102 0.526367 0.013672 0.023438
6 0.566895 0.534668 0.022461 0.024414
9 0.465820 0.526367 0.027344 0.023438
6 0.482910 0.558105 0.024414 0.030273
1 0.407715 0.540039 0.016602 0.017578
0 0.710938 0.515137 0.013672 0.020508
1 0.623535 0.519043 0.016602 0.014648
2 0.983887 0.540527 0.030273 0.028320
0 0.304199 0.523438 0.012695 0.021484
6 0.182617 0.554688 0.019531 0.029297
