3 0.704590 0.505371 0.014648 0.022461
2 0.280762 0.732422 0.032227 0.050781
3 0.470703 0.662109 0.021484 0.035156
0 0.493164 0.534668 0.013672 0.024414
6 0.340332 0.530762 0.020508 0.024414
2 0.270020 0.483398 0.016602 0.023438
6 0.569336 0.539062 0.013672 0.025391
9 0.496094 0.504883 0.025391 0.025391
6 0.427734 0.594727 0.021484 0.029297
1 0.416992 0.530762 0.015625 0.020508
0 0.768555 0.497070 0.013672 0.021484
1 0.675781 0.494141 0.013672 0.017578
2 0.978027 0.604980 0.028320 0.036133
0 0.360840 0.482910 0.012695 0.020508
6 0.189941 0.555176 0.028320 0.026367
