3 0.733398 0.513672 0.019531 0.025391
2 0.243652 0.700195 0.045898 0.070312
3 0.502441 0.630371 0.024414 0.047852
0 0.491211 0.535645 0.015625 0.030273
6 0.299316 0.534668 0.024414 0.030273
2 0.207520 0.505371 0.020508 0.026367
6 0.585449 0.536621 0.018555 0.030273
9 0.486816 0.516113 0.028320 0.028320
6 0.424316 0.578613 0.024414 0.038086
1 0.395508 0.535645 0.017578 0.022461
0 0.803711 0.507324 0.017578 0.024414
1 0.694336 0.509277 0.017578 0.018555
0 0.318848 0.503418 0.014648 0.024414
6 0.106934 0.554199 0.036133 0.034180
