3 0.658691 0.489258 0.020508 0.023438
2 0.540527 0.753906 0.038086 0.062500
3 0.638184 0.652344 0.034180 0.041016
0 0.493164 0.534668 0.017578 0.028320
6 0.316406 0.548340 0.019531 0.028320
2 0.171387 0.511230 0.014648 0.028320
6 0.570801 0.530273 0.026367 0.027344
9 0.457031 0.507812 0.031250 0.029297
6 0.499512 0.597168 0.030273 0.034180
1 0.401855 0.540039 0.018555 0.023438
0 0.706055 0.476562 0.015625 0.021484
1 0.615723 0.482910 0.018555 0.018555
0 0.279785 0.501465 0.014648 0.024414
6 0.166504 0.591797 0.018555 0.033203
