3 0.638184 0.499512 0.018555 0.020508
2 0.552246 0.683594 0.032227 0.048828
3 0.627441 0.616699 0.028320 0.034180
0 0.494141 0.534668 0.015625 0.024414
6 0.338379 0.545898 0.018555 0.025391
2 0.201660 0.519531 0.012695 0.025391
6 0.562012 0.530762 0.024414 0.024414
9 0.458984 0.515137 0.027344 0.024414
6 0.504883 0.579102 0.027344 0.029297
1 0.413086 0.540039 0.017578 0.019531
0 0.679688 0.489746 0.013672 0.020508
1 0.599121 0.495605 0.016602 0.014648
2 0.943848 0.537109 0.028320 0.027344
0 0.298340 0.511719 0.012695 0.021484
6 0.213379 0.578613 0.016602 0.028320
