3 0.661133 0.527344 0.023438 0.023438
2 0.595703 0.566406 0.054688 0.060547
3 0.684570 0.549316 0.042969 0.043945
0 0.489258 0.534668 0.019531 0.028320
6 0.290527 0.539062 0.022461 0.031250
2 0.123535 0.535645 0.014648 0.026367
6 0.574219 0.533203 0.031250 0.029297
9 0.444336 0.531738 0.035156 0.026367
6 0.507812 0.542969 0.037109 0.037109
1 0.387207 0.541016 0.022461 0.019531
0 0.708984 0.524902 0.017578 0.022461
1 0.612305 0.530273 0.021484 0.015625
0 0.246094 0.533203 0.015625 0.025391
6 0.117188 0.546875 0.021484 0.037109
