3 0.654785 0.505859 0.018555 0.021484
2 0.504883 0.671387 0.031250 0.051758
3 0.607910 0.610840 0.028320 0.036133
0 0.493164 0.535156 0.015625 0.025391
6 0.329590 0.543457 0.016602 0.026367
2 0.201172 0.519043 0.013672 0.024414
6 0.566406 0.532715 0.023438 0.024414
9 0.463379 0.517578 0.028320 0.025391
6 0.491211 0.575195 0.025391 0.031250
1 0.409180 0.539062 0.017578 0.019531
0 0.701660 0.498047 0.014648 0.019531
1 0.616211 0.502930 0.017578 0.015625
2 0.973145 0.542969 0.030273 0.029297
0 0.301270 0.512695 0.012695 0.021484
6 0.190918 0.570312 0.018555 0.029297
