10 0.250000 0.596191 0.035156 0.034180
4 0.585449 0.458008 0.016602 0.021484
7 0.523926 0.474609 0.022461 0.023438
7 0.366211 0.801758 0.037109 0.074219
2 0.544922 0.514160 0.019531 0.028320
3 0.332031 0.489258 0.013672 0.023438
3 0.409668 0.514648 0.016602 0.025391
4 0.563965 0.515625 0.020508 0.027344
5 0.361328 0.468750 0.015625 0.025391
4 0.734375 0.639648 0.033203 0.039062
6 0.527832 0.822754 0.043945 0.055664
2 0.111328 0.587891 0.019531 0.037109
7 0.846191 0.499023 0.038086 0.025391
3 0.384766 0.475586 0.013672 0.021484
