10 0.190918 0.541504 0.043945 0.030273
4 0.686523 0.522461 0.013672 0.021484
7 0.604492 0.526855 0.011719 0.016602
7 0.032227 0.597168 0.064453 0.043945
2 0.570801 0.533203 0.014648 0.027344
3 0.394531 0.522461 0.015625 0.021484
3 0.436523 0.529785 0.017578 0.024414
4 0.590332 0.533691 0.014648 0.026367
5 0.445312 0.519531 0.015625 0.021484
4 0.615723 0.568848 0.022461 0.041992
6 0.148926 0.603516 0.063477 0.056641
2 0.085449 0.537109 0.028320 0.029297
7 0.950684 0.541992 0.034180 0.021484
3 0.460938 0.520996 0.013672 0.020508
