10 0.249023 0.538574 0.035156 0.030273
4 0.573242 0.533691 0.017578 0.018555
7 0.514648 0.537109 0.023438 0.013672
7 0.388184 0.547852 0.043945 0.031250
2 0.539551 0.534180 0.020508 0.023438
3 0.323730 0.536133 0.014648 0.021484
3 0.404297 0.535645 0.017578 0.022461
4 0.559082 0.534180 0.020508 0.023438
5 0.351562 0.535645 0.015625 0.020508
4 0.744141 0.534180 0.033203 0.033203
6 0.557129 0.538574 0.049805 0.047852
2 0.106445 0.540039 0.017578 0.029297
7 0.834473 0.534668 0.038086 0.014648
3 0.375488 0.535645 0.014648 0.020508
