10 0.206055 0.565430 0.041016 0.031250
4 0.679688 0.466797 0.013672 0.023438
7 0.599609 0.477051 0.011719 0.024414
7 0.074707 0.774414 0.067383 0.072266
2 0.567383 0.520020 0.013672 0.030273
3 0.395996 0.473145 0.014648 0.022461
3 0.437500 0.505859 0.015625 0.025391
4 0.585449 0.523926 0.014648 0.028320
5 0.444824 0.456543 0.014648 0.026367
4 0.607910 0.677246 0.020508 0.043945
6 0.190430 0.826172 0.054688 0.056641
2 0.103027 0.542969 0.028320 0.033203
7 0.928711 0.540527 0.031250 0.032227
3 0.460449 0.464844 0.012695 0.021484
