4 0.499023 0.548340 0.041016 0.049805
8 0.207031 0.571777 0.046875 0.075195
8 0.265137 0.536621 0.026367 0.034180
0 0.343750 0.540527 0.023438 0.038086
1 0.013672 0.562500 0.027344 0.035156
10 0.978027 0.533203 0.041992 0.039062
8 0.685547 0.529785 0.044922 0.030273
5 0.340332 0.543945 0.034180 0.042969
8 0.651367 0.543457 0.064453 0.045898
0 0.456055 0.531250 0.019531 0.029297
0 0.633789 0.535156 0.025391 0.035156
8 0.768066 0.520996 0.036133 0.022461
6 0.194824 0.529297 0.014648 0.023438
5 0.226074 0.532715 0.018555 0.028320
