4 0.559570 0.592773 0.046875 0.052734
8 0.365234 0.692871 0.083984 0.102539
8 0.257324 0.534180 0.036133 0.041016
0 0.361816 0.553223 0.026367 0.040039
1 0.068848 0.625000 0.034180 0.042969
10 0.959473 0.529785 0.057617 0.038086
8 0.658691 0.507812 0.049805 0.035156
5 0.375000 0.570312 0.044922 0.050781
8 0.684570 0.568359 0.072266 0.054688
0 0.434082 0.511230 0.020508 0.030273
0 0.631836 0.531738 0.025391 0.036133
8 0.699707 0.468750 0.036133 0.023438
6 0.137695 0.495117 0.019531 0.025391
5 0.193359 0.514160 0.025391 0.034180
