4 0.624023 0.550781 0.062500 0.058594
8 0.480957 0.601074 0.149414 0.108398
8 0.209961 0.537598 0.048828 0.041992
0 0.350586 0.541504 0.033203 0.045898
1 0.019043 0.585449 0.038086 0.049805
10 0.982910 0.520508 0.032227 0.039062
8 0.651855 0.520020 0.059570 0.032227
5 0.379883 0.547852 0.060547 0.052734
8 0.744629 0.539551 0.096680 0.051758
0 0.402832 0.525391 0.024414 0.033203
0 0.646484 0.528320 0.029297 0.039062
8 0.657227 0.507324 0.041016 0.022461
6 0.042480 0.526855 0.024414 0.028320
5 0.120117 0.532227 0.033203 0.035156
