4 0.554688 0.656738 0.042969 0.053711
8 0.371094 0.844238 0.076172 0.122070
8 0.269531 0.528809 0.035156 0.049805
0 0.370117 0.571777 0.025391 0.040039
1 0.098633 0.700684 0.033203 0.049805
10 0.947754 0.537109 0.057617 0.039062
8 0.659668 0.481934 0.047852 0.041992
5 0.382324 0.606445 0.041992 0.058594
8 0.675781 0.609375 0.068359 0.066406
0 0.439941 0.484375 0.020508 0.031250
0 0.630371 0.532715 0.024414 0.036133
8 0.705566 0.395996 0.036133 0.028320
6 0.151855 0.442383 0.020508 0.025391
5 0.207520 0.484863 0.026367 0.038086
