4 0.351562 0.533691 0.015625 0.028320
2 0.152832 0.561035 0.028320 0.038086
6 0.649414 0.563477 0.031250 0.037109
3 0.531738 0.632324 0.036133 0.059570
3 0.957031 0.529297 0.027344 0.027344
3 0.171875 0.541016 0.023438 0.029297
6 0.504395 0.526367 0.016602 0.025391
3 0.180176 0.546387 0.024414 0.032227
4 0.561523 0.521484 0.015625 0.023438
2 0.201172 0.580078 0.031250 0.044922
8 0.539062 0.554688 0.025391 0.039062
8 0.924316 0.512695 0.032227 0.023438
0 0.246582 0.523926 0.014648 0.024414
5 0.570312 0.513184 0.015625 0.022461
1 0.635742 0.528320 0.017578 0.017578
