4 0.342285 0.535645 0.020508 0.032227
2 0.213867 0.640625 0.025391 0.048828
6 0.710449 0.604980 0.043945 0.038086
3 0.783203 0.814941 0.058594 0.061523
3 0.891113 0.484375 0.028320 0.025391
3 0.168945 0.574707 0.019531 0.034180
6 0.473145 0.501465 0.024414 0.026367
3 0.195801 0.591309 0.020508 0.036133
4 0.517578 0.482422 0.019531 0.027344
2 0.327148 0.697266 0.031250 0.056641
8 0.589355 0.585938 0.043945 0.052734
8 0.824219 0.437988 0.035156 0.026367
0 0.197754 0.510254 0.016602 0.028320
5 0.501465 0.454590 0.020508 0.026367
1 0.598145 0.492188 0.022461 0.021484
