4 0.377441 0.521484 0.018555 0.027344
2 0.163574 0.569336 0.030273 0.035156
6 0.573242 0.605957 0.021484 0.036133
3 0.326660 0.734375 0.040039 0.052734
3 0.968750 0.544922 0.023438 0.027344
3 0.215332 0.528809 0.024414 0.026367
6 0.530762 0.512207 0.016602 0.024414
3 0.211914 0.540527 0.025391 0.028320
4 0.593750 0.503418 0.013672 0.024414
2 0.166504 0.610840 0.034180 0.041992
8 0.492676 0.578125 0.026367 0.044922
8 0.985352 0.500977 0.027344 0.029297
0 0.309082 0.494141 0.014648 0.023438
5 0.623535 0.482910 0.012695 0.024414
1 0.655273 0.518555 0.013672 0.019531
