4 0.340332 0.537109 0.018555 0.029297
2 0.109863 0.538086 0.034180 0.039062
6 0.659668 0.537598 0.034180 0.040039
3 0.507812 0.540039 0.039062 0.068359
3 0.143066 0.537109 0.026367 0.031250
6 0.508301 0.536621 0.016602 0.026367
3 0.148926 0.538086 0.028320 0.033203
4 0.570801 0.536133 0.016602 0.025391
2 0.150391 0.538574 0.039062 0.045898
8 0.537598 0.537598 0.026367 0.038086
8 0.962891 0.535645 0.035156 0.022461
0 0.232910 0.537109 0.016602 0.025391
5 0.581543 0.536133 0.016602 0.021484
1 0.650391 0.541016 0.019531 0.017578
