4 0.363281 0.527344 0.017578 0.027344
2 0.160156 0.577637 0.029297 0.038086
6 0.618164 0.595215 0.023438 0.036133
3 0.444336 0.724609 0.031250 0.056641
3 0.959473 0.530273 0.026367 0.027344
3 0.192383 0.538574 0.023438 0.028320
6 0.515137 0.515137 0.012695 0.024414
3 0.195801 0.549805 0.024414 0.029297
4 0.574219 0.505371 0.013672 0.024414
2 0.189941 0.616211 0.032227 0.044922
8 0.520508 0.573730 0.017578 0.043945
8 0.945801 0.494141 0.030273 0.027344
0 0.273438 0.504883 0.015625 0.023438
5 0.591309 0.487305 0.012695 0.023438
1 0.643066 0.517578 0.016602 0.019531
