7 0.138672 0.541504 0.019531 0.036133
9 0.718750 0.506836 0.041016 0.035156
9 0.047363 0.840332 0.065430 0.079102
10 0.268066 0.494141 0.032227 0.029297
10 0.983887 0.606934 0.030273 0.040039
7 0.652344 0.543457 0.042969 0.038086
5 0.858398 0.546875 0.044922 0.042969
0 0.040039 0.463379 0.015625 0.024414
6 0.539551 0.507812 0.028320 0.029297
5 0.974121 0.572266 0.049805 0.046875
3 0.179688 0.527832 0.017578 0.030273
9 0.147949 0.467773 0.028320 0.029297
0 0.682129 0.443848 0.016602 0.024414
9 0.428711 0.697754 0.054688 0.059570
