7 0.263672 0.501465 0.042969 0.022461
9 0.773438 0.555176 0.044922 0.040039
10 0.418457 0.496094 0.036133 0.025391
3 0.995605 0.660156 0.006836 0.058594
10 0.838379 0.660156 0.067383 0.062500
7 0.619141 0.562500 0.041016 0.035156
5 0.827637 0.598145 0.032227 0.053711
0 0.336426 0.469238 0.014648 0.020508
6 0.600098 0.529785 0.030273 0.032227
5 0.910156 0.637695 0.033203 0.066406
3 0.305176 0.498535 0.026367 0.026367
9 0.390625 0.478516 0.031250 0.023438
0 0.904297 0.524414 0.017578 0.029297
9 0.124023 0.575684 0.064453 0.047852
