6 0.722168 0.520996 0.036133 0.028320
7 0.221191 0.483398 0.022461 0.025391
1 0.632812 0.479980 0.023438 0.020508
3 0.148438 0.532715 0.019531 0.028320
4 0.415039 0.436035 0.017578 0.022461
6 0.885742 0.530762 0.042969 0.028320
8 0.271973 0.808594 0.051758 0.089844
0 0.320312 0.591797 0.021484 0.033203
8 0.264160 0.671875 0.040039 0.062500
0 0.038086 0.489746 0.015625 0.024414
7 0.922363 0.520508 0.053711 0.031250
7 0.712891 0.442871 0.035156 0.022461
7 0.426758 0.501465 0.031250 0.028320
9 0.603027 0.709961 0.057617 0.056641
