6 0.743164 0.533203 0.035156 0.027344
7 0.252441 0.531738 0.014648 0.016602
1 0.667480 0.530762 0.022461 0.016602
3 0.152344 0.535156 0.015625 0.025391
4 0.465332 0.522461 0.014648 0.019531
6 0.925781 0.534668 0.044922 0.030273
8 0.083496 0.575195 0.038086 0.056641
0 0.277832 0.542969 0.018555 0.031250
8 0.170410 0.554688 0.022461 0.041016
0 0.079102 0.529785 0.013672 0.022461
7 0.973145 0.537109 0.051758 0.021484
7 0.774414 0.525391 0.033203 0.015625
7 0.440918 0.534180 0.024414 0.017578
9 0.498047 0.561035 0.058594 0.045898
