6 0.724609 0.562988 0.027344 0.034180
7 0.442871 0.495117 0.028320 0.017578
1 0.760742 0.538086 0.019531 0.021484
3 0.306641 0.499023 0.023438 0.023438
4 0.678223 0.496094 0.016602 0.021484
6 0.881836 0.599121 0.025391 0.041992
0 0.264648 0.528320 0.021484 0.029297
8 0.094727 0.540527 0.060547 0.038086
5 0.600098 0.685059 0.055664 0.077148
0 0.333008 0.480957 0.013672 0.018555
7 0.975098 0.607910 0.026367 0.041992
7 0.973633 0.538086 0.017578 0.025391
7 0.529297 0.519531 0.031250 0.021484
9 0.145020 0.591309 0.063477 0.047852
