8 0.814941 0.507324 0.045898 0.034180
7 0.707031 0.529785 0.044922 0.028320
2 0.250977 0.517090 0.019531 0.028320
9 0.124512 0.536133 0.034180 0.033203
6 0.521484 0.621094 0.041016 0.039062
4 0.059082 0.696289 0.028320 0.052734
2 0.117676 0.625977 0.024414 0.044922
9 0.610352 0.465820 0.029297 0.023438
5 0.745605 0.502441 0.034180 0.030273
10 0.136719 0.761719 0.062500 0.062500
0 0.594727 0.453125 0.013672 0.019531
5 0.543457 0.505371 0.028320 0.030273
8 0.883301 0.522949 0.051758 0.036133
8 0.011230 0.512207 0.016602 0.032227
