10 0.634766 0.505859 0.031250 0.025391
7 0.773926 0.541504 0.034180 0.030273
10 0.472656 0.470703 0.023438 0.021484
1 0.444824 0.502930 0.012695 0.019531
2 0.102539 0.587891 0.027344 0.039062
8 0.520996 0.537109 0.020508 0.039062
4 0.694824 0.524902 0.020508 0.028320
9 0.565918 0.577148 0.038086 0.037109
5 0.504395 0.659180 0.026367 0.056641
4 0.528320 0.725586 0.029297 0.054688
1 0.678711 0.563965 0.023438 0.026367
2 0.684082 0.473633 0.016602 0.023438
5 0.232910 0.596191 0.026367 0.045898
6 0.556152 0.484863 0.016602 0.022461
