10 0.581055 0.505371 0.039062 0.028320
7 0.770508 0.517578 0.054688 0.025391
10 0.345703 0.497070 0.033203 0.025391
1 0.367188 0.519043 0.025391 0.020508
2 0.087891 0.608887 0.035156 0.053711
8 0.524414 0.531250 0.048828 0.039062
4 0.675293 0.511719 0.030273 0.029297
9 0.648438 0.550293 0.054688 0.041992
5 0.750488 0.606445 0.073242 0.060547
4 0.912598 0.646973 0.071289 0.065430
1 0.725098 0.536133 0.036133 0.025391
2 0.573730 0.485352 0.022461 0.023438
5 0.295410 0.597168 0.045898 0.055664
6 0.460938 0.499023 0.029297 0.025391
