10 0.605957 0.509277 0.032227 0.024414
7 0.758301 0.529297 0.040039 0.025391
10 0.423340 0.490234 0.026367 0.021484
1 0.417480 0.515137 0.016602 0.018555
2 0.126953 0.590820 0.021484 0.039062
8 0.520996 0.535156 0.030273 0.035156
4 0.676758 0.520020 0.023438 0.026367
9 0.594238 0.561035 0.041992 0.036133
5 0.596191 0.620605 0.041992 0.051758
4 0.666504 0.664551 0.041992 0.051758
1 0.687012 0.548828 0.026367 0.023438
2 0.629883 0.485352 0.017578 0.021484
5 0.275391 0.590332 0.023438 0.043945
6 0.514648 0.497559 0.021484 0.022461
