10 0.614746 0.505859 0.036133 0.027344
7 0.785645 0.527832 0.045898 0.028320
10 0.412598 0.486328 0.028320 0.023438
1 0.406738 0.513184 0.018555 0.020508
2 0.070312 0.600586 0.027344 0.046875
8 0.523438 0.535156 0.035156 0.039062
4 0.694336 0.517578 0.027344 0.029297
9 0.609375 0.563477 0.048828 0.041016
5 0.621094 0.635254 0.050781 0.061523
4 0.712891 0.690918 0.052734 0.063477
1 0.710938 0.549316 0.031250 0.026367
2 0.636719 0.480469 0.019531 0.023438
5 0.243652 0.599121 0.026367 0.051758
6 0.512695 0.493652 0.023438 0.024414
