10 0.585449 0.527832 0.036133 0.024414
7 0.758789 0.531738 0.048828 0.018555
10 0.371582 0.528809 0.030273 0.022461
1 0.384277 0.535645 0.022461 0.016602
2 0.110352 0.548828 0.027344 0.041016
8 0.520996 0.533203 0.041992 0.029297
4 0.669922 0.527832 0.027344 0.026367
9 0.625488 0.534668 0.049805 0.034180
5 0.689941 0.542969 0.059570 0.044922
4 0.814941 0.547363 0.057617 0.051758
1 0.706543 0.535645 0.032227 0.020508
2 0.587891 0.524902 0.021484 0.020508
5 0.291992 0.545410 0.037109 0.040039
6 0.476562 0.527832 0.025391 0.022461
