10 0.583496 0.523926 0.036133 0.024414
7 0.756836 0.529297 0.048828 0.019531
10 0.369629 0.522949 0.030273 0.022461
1 0.383301 0.532227 0.022461 0.017578
2 0.116699 0.558594 0.028320 0.042969
8 0.520996 0.532715 0.041992 0.030273
4 0.667969 0.524902 0.027344 0.026367
9 0.626465 0.537598 0.049805 0.034180
5 0.694336 0.554199 0.060547 0.045898
4 0.819824 0.564941 0.057617 0.051758
1 0.705566 0.536133 0.032227 0.021484
2 0.584473 0.517578 0.020508 0.021484
5 0.297363 0.554199 0.038086 0.041992
6 0.474609 0.522461 0.025391 0.023438
