10 0.010254 0.569336 0.020508 0.037109
3 0.344727 0.600586 0.023438 0.041016
0 0.623047 0.491211 0.017578 0.029297
10 0.564941 0.753906 0.061523 0.056641
9 0.023438 0.523926 0.046875 0.038086
5 0.098145 0.541016 0.034180 0.044922
5 0.642578 0.450195 0.019531 0.031250
4 0.442383 0.462402 0.013672 0.028320
10 0.846191 0.640625 0.061523 0.044922
10 0.971191 0.712891 0.055664 0.052734
3 0.901855 0.513672 0.030273 0.031250
3 0.531250 0.684570 0.027344 0.048828
0 0.526855 0.417969 0.012695 0.021484
1 0.416016 0.506836 0.015625 0.025391
4 0.734863 0.570312 0.028320 0.041016
