10 0.021484 0.543945 0.042969 0.035156
3 0.323242 0.583984 0.029297 0.039062
0 0.642090 0.501953 0.016602 0.029297
10 0.469238 0.726074 0.059570 0.057617
9 0.060059 0.508301 0.045898 0.034180
5 0.119629 0.525391 0.038086 0.041016
5 0.680176 0.466797 0.016602 0.031250
4 0.474609 0.470703 0.015625 0.027344
10 0.808105 0.643555 0.057617 0.046875
10 0.921875 0.716797 0.074219 0.056641
3 0.925293 0.532715 0.028320 0.032227
3 0.466309 0.665039 0.028320 0.048828
0 0.577637 0.435547 0.010742 0.021484
1 0.431641 0.509277 0.019531 0.024414
4 0.722168 0.576172 0.024414 0.041016
