5 0.038574 0.514648 0.024414 0.027344
1 0.377930 0.508301 0.013672 0.016602
6 0.637207 0.541504 0.032227 0.034180
4 0.897461 0.546875 0.037109 0.037109
0 0.377930 0.569824 0.023438 0.041992
5 0.351074 0.599609 0.030273 0.058594
1 0.811035 0.576660 0.040039 0.032227
2 0.830078 0.527344 0.029297 0.031250
9 0.679688 0.496094 0.029297 0.021484
2 0.548828 0.575195 0.031250 0.046875
0 0.618652 0.505859 0.014648 0.023438
9 0.913086 0.546387 0.054688 0.038086
4 0.389160 0.579590 0.026367 0.045898
2 0.258789 0.508789 0.013672 0.025391
