5 0.010254 0.532715 0.018555 0.026367
1 0.307617 0.511719 0.017578 0.015625
6 0.609863 0.531250 0.034180 0.025391
4 0.796875 0.525879 0.029297 0.026367
0 0.488281 0.563477 0.023438 0.033203
5 0.535645 0.584961 0.045898 0.042969
1 0.782227 0.550293 0.033203 0.022461
2 0.720215 0.513184 0.024414 0.024414
9 0.541504 0.490723 0.026367 0.018555
2 0.621582 0.560059 0.032227 0.034180
0 0.518066 0.501953 0.014648 0.019531
9 0.807617 0.525391 0.039062 0.027344
4 0.517090 0.570312 0.032227 0.035156
2 0.210938 0.517578 0.017578 0.023438
