10 0.202637 0.479492 0.041992 0.029297
3 0.789551 0.572266 0.024414 0.035156
0 0.194336 0.785156 0.039062 0.054688
3 0.344238 0.469727 0.026367 0.027344
9 0.540039 0.410156 0.029297 0.025391
8 0.861328 0.503906 0.025391 0.042969
0 0.798340 0.459961 0.016602 0.025391
0 0.694824 0.651367 0.026367 0.042969
6 0.193848 0.463379 0.038086 0.026367
7 0.762207 0.583008 0.032227 0.044922
0 0.327148 0.682129 0.031250 0.045898
6 0.032227 0.674316 0.064453 0.045898
7 0.810059 0.540527 0.028320 0.038086
7 0.349121 0.452637 0.038086 0.028320
10 0.310059 0.708496 0.065430 0.053711
