10 0.039551 0.545898 0.045898 0.039062
3 0.747070 0.525879 0.031250 0.028320
0 0.906738 0.562500 0.049805 0.062500
3 0.190430 0.537109 0.021484 0.033203
9 0.238281 0.525391 0.029297 0.023438
8 0.663086 0.520996 0.037109 0.024414
0 0.546387 0.520020 0.016602 0.022461
0 0.854980 0.532227 0.028320 0.035156
7 0.750488 0.532227 0.051758 0.021484
0 0.734863 0.549805 0.036133 0.048828
6 0.445801 0.572266 0.063477 0.064453
7 0.697266 0.527832 0.042969 0.018555
7 0.140625 0.541016 0.021484 0.023438
10 0.775391 0.552246 0.078125 0.051758
