10 0.108887 0.546387 0.040039 0.032227
3 0.743652 0.526367 0.026367 0.027344
0 0.723145 0.602539 0.036133 0.052734
3 0.242188 0.533691 0.015625 0.028320
9 0.312012 0.510254 0.024414 0.022461
8 0.690918 0.512695 0.030273 0.025391
0 0.589844 0.507812 0.013672 0.021484
0 0.809082 0.543457 0.024414 0.032227
6 0.056152 0.543945 0.026367 0.031250
7 0.741699 0.533203 0.040039 0.023438
0 0.636230 0.573242 0.028320 0.042969
6 0.349609 0.604004 0.033203 0.051758
7 0.708984 0.523926 0.035156 0.020508
7 0.207031 0.533203 0.017578 0.021484
10 0.661621 0.580078 0.059570 0.044922
