10 0.189941 0.512695 0.040039 0.027344
3 0.782715 0.548340 0.018555 0.032227
0 0.293457 0.671875 0.036133 0.052734
3 0.328125 0.505371 0.023438 0.026367
9 0.497559 0.472168 0.026367 0.022461
8 0.824219 0.514160 0.015625 0.032227
0 0.752930 0.493652 0.013672 0.022461
0 0.726074 0.589355 0.022461 0.038086
6 0.174805 0.504395 0.035156 0.026367
7 0.761719 0.557129 0.021484 0.032227
0 0.388184 0.614258 0.028320 0.042969
6 0.079590 0.619629 0.063477 0.043945
7 0.790527 0.535156 0.018555 0.027344
7 0.325684 0.498047 0.034180 0.021484
10 0.379395 0.628418 0.059570 0.047852
