10 0.068359 0.541016 0.050781 0.035156
3 0.800781 0.526855 0.029297 0.032227
0 0.624023 0.707520 0.041016 0.071289
3 0.232422 0.521484 0.023438 0.031250
9 0.354004 0.478027 0.026367 0.024414
8 0.762207 0.495605 0.030273 0.032227
0 0.655273 0.482422 0.015625 0.023438
0 0.849609 0.567383 0.029297 0.041016
6 0.024902 0.533691 0.038086 0.034180
7 0.793457 0.536621 0.040039 0.032227
0 0.577637 0.628418 0.030273 0.053711
6 0.176758 0.682617 0.054688 0.066406
7 0.770020 0.516113 0.034180 0.026367
7 0.206543 0.515137 0.028320 0.026367
10 0.598633 0.645508 0.066406 0.058594
