4 0.607910 0.520508 0.020508 0.025391
0 0.512207 0.520020 0.016602 0.024414
2 0.406250 0.520508 0.015625 0.025391
8 0.066406 0.533203 0.025391 0.031250
7 0.688477 0.582520 0.056641 0.038086
7 0.623047 0.556641 0.041016 0.029297
5 0.359375 0.524414 0.017578 0.027344
6 0.598633 0.517578 0.023438 0.023438
5 0.707031 0.577637 0.048828 0.049805
4 0.989258 0.557129 0.019531 0.038086
6 0.867676 0.518555 0.034180 0.025391
9 0.643555 0.541016 0.042969 0.033203
1 0.117676 0.556152 0.022461 0.024414
4 0.423340 0.539062 0.020508 0.031250
