4 0.677246 0.517578 0.016602 0.029297
0 0.592773 0.505859 0.015625 0.025391
2 0.499512 0.496582 0.018555 0.026367
8 0.198242 0.491211 0.037109 0.029297
7 0.455078 0.640137 0.046875 0.051758
7 0.524902 0.584961 0.034180 0.039062
5 0.441406 0.500000 0.023438 0.029297
6 0.689941 0.510254 0.016602 0.026367
2 0.080078 0.517090 0.031250 0.030273
5 0.462891 0.639160 0.041016 0.059570
4 0.879883 0.649414 0.029297 0.050781
6 0.978027 0.544922 0.026367 0.031250
9 0.598633 0.561523 0.041016 0.039062
1 0.159180 0.528809 0.029297 0.022461
4 0.420898 0.534180 0.023438 0.031250
