4 0.591797 0.496582 0.021484 0.026367
0 0.499023 0.495117 0.015625 0.025391
2 0.394531 0.496094 0.017578 0.027344
8 0.064453 0.531738 0.021484 0.038086
7 0.712402 0.634277 0.059570 0.049805
7 0.632812 0.576660 0.044922 0.038086
5 0.352051 0.506836 0.020508 0.031250
6 0.580078 0.488770 0.025391 0.024414
2 0.013672 0.582520 0.025391 0.040039
5 0.731934 0.632324 0.051758 0.055664
4 0.980469 0.580566 0.037109 0.038086
6 0.835449 0.490234 0.034180 0.025391
9 0.643555 0.545898 0.042969 0.037109
1 0.137695 0.581055 0.019531 0.029297
4 0.430176 0.544434 0.022461 0.032227
