4 0.572266 0.512695 0.023438 0.025391
0 0.477539 0.513184 0.017578 0.024414
2 0.370605 0.516113 0.020508 0.026367
8 0.031250 0.541992 0.019531 0.035156
7 0.760742 0.582520 0.070312 0.038086
7 0.650879 0.554199 0.053711 0.030273
5 0.331543 0.522461 0.024414 0.029297
6 0.555664 0.508789 0.027344 0.023438
2 0.003906 0.570801 0.007812 0.040039
5 0.780273 0.577148 0.058594 0.046875
4 0.985352 0.545410 0.027344 0.036133
6 0.805664 0.504883 0.035156 0.023438
9 0.648438 0.536133 0.044922 0.033203
1 0.132812 0.569336 0.023438 0.027344
4 0.431152 0.540039 0.026367 0.031250
