2 0.615234 0.644531 0.027344 0.042969
10 0.556152 0.581055 0.038086 0.033203
5 0.776855 0.480469 0.016602 0.027344
7 0.749512 0.820312 0.038086 0.076172
0 0.283203 0.510742 0.017578 0.025391
9 0.546875 0.444824 0.025391 0.022461
1 0.400391 0.736816 0.037109 0.041992
10 0.157227 0.588867 0.046875 0.033203
10 0.701172 0.787598 0.054688 0.053711
7 0.463867 0.439453 0.023438 0.019531
3 0.239258 0.458008 0.021484 0.021484
6 0.375977 0.460449 0.023438 0.020508
7 0.445801 0.489258 0.028320 0.025391
10 0.705566 0.718750 0.047852 0.046875
4 0.657715 0.458008 0.014648 0.021484
