3 0.098633 0.541504 0.048828 0.041992
5 0.870605 0.473633 0.028320 0.041016
10 0.935547 0.452148 0.037109 0.033203
9 0.398438 0.709473 0.082031 0.081055
8 0.854004 0.437988 0.028320 0.038086
0 0.401855 0.762695 0.043945 0.068359
0 0.529297 0.490234 0.023438 0.035156
3 0.690430 0.595215 0.037109 0.047852
8 0.123047 0.560547 0.083984 0.064453
5 0.312500 0.811523 0.093750 0.109375
9 0.964355 0.598145 0.057617 0.059570
6 0.247070 0.509766 0.052734 0.039062
0 0.233398 0.470703 0.025391 0.033203
0 0.420898 0.478027 0.023438 0.034180
