3 0.286133 0.584961 0.037109 0.046875
5 0.527344 0.495605 0.029297 0.024414
3 0.095703 0.615723 0.037109 0.053711
10 0.508301 0.488281 0.030273 0.021484
9 0.795898 0.561035 0.062500 0.045898
8 0.450684 0.491211 0.030273 0.023438
0 0.873047 0.564453 0.033203 0.042969
0 0.416504 0.523926 0.020508 0.030273
3 0.680176 0.524902 0.034180 0.032227
8 0.372559 0.582031 0.057617 0.054688
5 0.924316 0.576172 0.075195 0.052734
9 0.753418 0.507812 0.041992 0.029297
6 0.288574 0.559570 0.038086 0.039062
0 0.160645 0.554688 0.024414 0.037109
0 0.322266 0.532715 0.021484 0.032227
