3 0.274902 0.725586 0.041992 0.054688
5 0.531738 0.389160 0.032227 0.034180
3 0.067383 0.837402 0.042969 0.063477
10 0.510742 0.360840 0.033203 0.026367
9 0.833008 0.653809 0.072266 0.065430
8 0.447754 0.367188 0.034180 0.033203
0 0.918457 0.671875 0.040039 0.050781
0 0.413086 0.493164 0.023438 0.035156
3 0.701660 0.509766 0.038086 0.037109
8 0.369629 0.715820 0.065430 0.091797
5 0.965332 0.719238 0.067383 0.081055
9 0.780273 0.445312 0.046875 0.039062
6 0.275391 0.627441 0.042969 0.045898
0 0.135742 0.602051 0.029297 0.043945
0 0.310547 0.523438 0.025391 0.037109
