3 0.270508 0.563965 0.023438 0.036133
5 0.577148 0.510742 0.023438 0.021484
3 0.104492 0.577637 0.023438 0.040039
10 0.571777 0.504883 0.026367 0.019531
9 0.711426 0.558594 0.051758 0.039062
8 0.516602 0.506348 0.023438 0.020508
0 0.773438 0.562500 0.027344 0.037109
0 0.441895 0.528320 0.016602 0.025391
3 0.667969 0.533203 0.027344 0.027344
8 0.338379 0.563965 0.032227 0.041992
5 0.798828 0.571289 0.054688 0.044922
9 0.762695 0.521973 0.037109 0.026367
6 0.299805 0.549316 0.023438 0.032227
0 0.206055 0.544434 0.017578 0.030273
0 0.354492 0.533203 0.017578 0.027344
