3 0.315918 0.589355 0.030273 0.038086
5 0.534180 0.488281 0.025391 0.023438
3 0.164551 0.618652 0.030273 0.043945
10 0.518555 0.478516 0.027344 0.019531
9 0.744141 0.567871 0.052734 0.040039
8 0.465820 0.480957 0.027344 0.022461
0 0.806641 0.572754 0.027344 0.036133
0 0.430176 0.521973 0.018555 0.026367
3 0.659668 0.525879 0.028320 0.028320
8 0.386719 0.586426 0.046875 0.047852
5 0.842773 0.585938 0.058594 0.046875
9 0.731934 0.505371 0.036133 0.026367
6 0.317871 0.562012 0.032227 0.034180
0 0.211426 0.555176 0.020508 0.032227
0 0.347656 0.531738 0.019531 0.028320
