3 0.218750 0.634766 0.025391 0.039062
5 0.635742 0.430664 0.021484 0.031250
3 0.039062 0.672363 0.035156 0.041992
10 0.641113 0.405762 0.028320 0.022461
9 0.678223 0.666504 0.053711 0.053711
8 0.580566 0.404785 0.020508 0.030273
0 0.737793 0.692871 0.030273 0.043945
0 0.457520 0.498047 0.016602 0.029297
3 0.686035 0.544922 0.026367 0.033203
8 0.282715 0.640137 0.024414 0.067383
5 0.749023 0.734863 0.048828 0.073242
9 0.813965 0.502930 0.041992 0.035156
6 0.276855 0.574219 0.020508 0.035156
0 0.194336 0.541992 0.019531 0.033203
0 0.360352 0.508301 0.015625 0.030273
