3 0.164551 0.555176 0.038086 0.036133
5 0.778320 0.480957 0.019531 0.032227
3 0.018066 0.552246 0.036133 0.036133
10 0.824707 0.463379 0.028320 0.026367
9 0.482422 0.654785 0.058594 0.057617
8 0.756836 0.455078 0.019531 0.031250
0 0.502930 0.686035 0.031250 0.049805
0 0.509277 0.502930 0.018555 0.029297
3 0.668945 0.571289 0.025391 0.037109
8 0.197266 0.568359 0.060547 0.052734
5 0.453125 0.718262 0.052734 0.075195
9 0.873535 0.563477 0.040039 0.042969
6 0.277344 0.527344 0.039062 0.033203
0 0.248047 0.498047 0.021484 0.029297
0 0.413574 0.497070 0.018555 0.029297
