3 0.239746 0.595703 0.030273 0.046875
5 0.569336 0.486816 0.027344 0.026367
3 0.032227 0.627930 0.031250 0.052734
10 0.559082 0.476562 0.030273 0.021484
9 0.770996 0.582031 0.065430 0.050781
8 0.499023 0.478516 0.027344 0.025391
0 0.849609 0.589355 0.035156 0.045898
0 0.428711 0.520996 0.019531 0.030273
3 0.691895 0.529297 0.032227 0.033203
8 0.323730 0.594238 0.043945 0.059570
5 0.891113 0.607422 0.073242 0.060547
9 0.787598 0.507812 0.043945 0.031250
6 0.270020 0.563477 0.030273 0.039062
0 0.155273 0.553223 0.021484 0.036133
0 0.328613 0.529785 0.020508 0.032227
