5 0.230957 0.521973 0.012695 0.022461
2 0.192871 0.563965 0.026367 0.043945
4 0.145996 0.534668 0.018555 0.028320
8 0.222168 0.572266 0.028320 0.052734
9 0.987793 0.527832 0.022461 0.028320
9 0.317871 0.522949 0.026367 0.022461
7 0.327637 0.535645 0.018555 0.020508
8 0.957520 0.535645 0.055664 0.034180
0 0.349609 0.568359 0.025391 0.044922
4 0.263672 0.535156 0.015625 0.029297
4 0.422363 0.572266 0.032227 0.048828
4 0.719238 0.526855 0.024414 0.026367
1 0.710938 0.518555 0.019531 0.013672
9 0.477539 0.547852 0.044922 0.037109
