2 0.762695 0.448730 0.023438 0.026367
6 0.843750 0.646973 0.052734 0.041992
10 0.201660 0.555664 0.036133 0.035156
7 0.412598 0.450684 0.020508 0.024414
8 0.781738 0.812988 0.083008 0.104492
6 0.751465 0.645020 0.047852 0.041992
7 0.635254 0.496094 0.034180 0.031250
1 0.502930 0.447754 0.017578 0.018555
5 0.212891 0.595215 0.021484 0.049805
10 0.517578 0.469238 0.031250 0.026367
3 0.690430 0.478027 0.023438 0.026367
10 0.292969 0.480469 0.029297 0.027344
10 0.182617 0.526367 0.033203 0.031250
6 0.040527 0.705566 0.036133 0.047852
0 0.902344 0.799316 0.042969 0.057617
