2 0.778809 0.475098 0.024414 0.026367
6 0.887695 0.616211 0.062500 0.046875
10 0.169922 0.550293 0.039062 0.036133
7 0.407227 0.478516 0.021484 0.021484
8 0.836426 0.751953 0.106445 0.109375
6 0.782715 0.615234 0.055664 0.046875
7 0.645020 0.509277 0.036133 0.028320
1 0.502930 0.476562 0.017578 0.017578
5 0.176758 0.579590 0.023438 0.049805
10 0.517578 0.489258 0.033203 0.027344
3 0.703125 0.495117 0.025391 0.027344
10 0.276855 0.497559 0.030273 0.028320
10 0.152832 0.530273 0.036133 0.033203
0 0.977051 0.739258 0.043945 0.068359
