2 0.709961 0.441895 0.021484 0.024414
6 0.832520 0.620605 0.049805 0.036133
10 0.228516 0.565918 0.037109 0.034180
7 0.386719 0.454102 0.023438 0.023438
8 0.825195 0.763672 0.080078 0.083984
6 0.754883 0.623535 0.046875 0.036133
7 0.609375 0.491699 0.035156 0.028320
1 0.471191 0.449219 0.018555 0.017578
5 0.257812 0.603516 0.027344 0.046875
10 0.492676 0.469238 0.030273 0.024414
3 0.653809 0.472656 0.022461 0.023438
10 0.284668 0.488770 0.030273 0.026367
10 0.197754 0.538574 0.034180 0.030273
6 0.139160 0.714355 0.028320 0.043945
0 0.918457 0.746094 0.036133 0.046875
