2 0.961914 0.539062 0.017578 0.027344
6 0.527344 0.542480 0.048828 0.041992
10 0.291504 0.526855 0.038086 0.024414
7 0.622559 0.533203 0.026367 0.013672
8 0.134277 0.541504 0.098633 0.049805
6 0.458984 0.539551 0.048828 0.040039
7 0.705566 0.540039 0.032227 0.019531
1 0.702637 0.535645 0.018555 0.014648
5 0.229980 0.527344 0.040039 0.027344
10 0.661133 0.532715 0.033203 0.024414
3 0.798828 0.537109 0.021484 0.027344
10 0.472656 0.527344 0.031250 0.021484
10 0.329102 0.526367 0.035156 0.023438
6 0.025391 0.525391 0.050781 0.029297
0 0.221191 0.543945 0.040039 0.050781
