2 0.818359 0.463379 0.025391 0.028320
6 0.902832 0.654785 0.067383 0.053711
10 0.151367 0.547852 0.044922 0.039062
7 0.424805 0.460938 0.019531 0.023438
8 0.803711 0.848145 0.109375 0.143555
6 0.784180 0.650391 0.058594 0.052734
7 0.665039 0.503906 0.037109 0.031250
1 0.524414 0.459961 0.017578 0.019531
5 0.145508 0.584961 0.031250 0.054688
10 0.534668 0.477051 0.034180 0.028320
3 0.730957 0.487793 0.026367 0.030273
10 0.282227 0.483398 0.031250 0.029297
10 0.142578 0.521484 0.041016 0.035156
0 0.972656 0.835449 0.052734 0.081055
