4 0.647949 0.537598 0.014648 0.028320
3 0.251465 0.499023 0.018555 0.023438
9 0.194336 0.613281 0.044922 0.039062
10 0.685547 0.553223 0.031250 0.028320
9 0.803223 0.485840 0.028320 0.024414
1 0.333008 0.530273 0.017578 0.021484
10 0.712402 0.551758 0.032227 0.027344
0 0.677734 0.627441 0.019531 0.034180
3 0.604004 0.631836 0.018555 0.035156
0 0.677734 0.505859 0.013672 0.023438
6 0.251953 0.526367 0.023438 0.025391
6 0.257324 0.589844 0.028320 0.031250
7 0.762695 0.517090 0.021484 0.026367
7 0.220703 0.514160 0.027344 0.026367
0 0.389648 0.497070 0.013672 0.023438
