4 0.662598 0.540039 0.020508 0.029297
3 0.300293 0.516113 0.022461 0.022461
9 0.116211 0.544434 0.050781 0.034180
10 0.687988 0.546875 0.038086 0.031250
9 0.908203 0.530762 0.029297 0.026367
1 0.344238 0.529785 0.024414 0.018555
10 0.722168 0.547363 0.038086 0.032227
0 0.587891 0.569336 0.025391 0.039062
3 0.502441 0.566895 0.032227 0.038086
0 0.732910 0.532227 0.016602 0.025391
6 0.270996 0.523438 0.032227 0.025391
6 0.205566 0.540039 0.041992 0.031250
7 0.826172 0.541992 0.019531 0.021484
7 0.257812 0.522461 0.037109 0.017578
0 0.432617 0.520020 0.015625 0.022461
