4 0.641602 0.523926 0.021484 0.028320
3 0.200684 0.518555 0.014648 0.025391
9 0.267578 0.647949 0.039062 0.045898
10 0.689941 0.536621 0.036133 0.028320
9 0.730469 0.463379 0.029297 0.024414
1 0.321289 0.543945 0.015625 0.023438
10 0.711914 0.532715 0.037109 0.028320
0 0.756836 0.608887 0.023438 0.034180
3 0.692383 0.620117 0.029297 0.035156
0 0.638184 0.490723 0.014648 0.022461
6 0.229492 0.548340 0.015625 0.028320
6 0.304688 0.615723 0.019531 0.034180
7 0.721191 0.495117 0.030273 0.025391
7 0.180176 0.537598 0.016602 0.030273
0 0.349609 0.504395 0.013672 0.024414
