4 0.658203 0.544434 0.021484 0.030273
3 0.304199 0.498535 0.022461 0.022461
9 0.122559 0.559082 0.049805 0.036133
10 0.682129 0.557617 0.038086 0.033203
9 0.902344 0.522461 0.029297 0.027344
1 0.346191 0.522461 0.024414 0.019531
10 0.715332 0.558105 0.038086 0.032227
0 0.580566 0.604980 0.024414 0.040039
3 0.497559 0.600586 0.032227 0.039062
0 0.729004 0.526855 0.016602 0.026367
6 0.274902 0.514160 0.032227 0.024414
6 0.209473 0.549805 0.041992 0.031250
7 0.819824 0.541504 0.018555 0.026367
7 0.261719 0.507324 0.037109 0.020508
0 0.434570 0.504883 0.015625 0.023438
