4 0.688965 0.537598 0.022461 0.032227
3 0.268066 0.527832 0.024414 0.024414
9 0.050781 0.534668 0.062500 0.038086
10 0.724121 0.540039 0.041992 0.035156
9 0.950684 0.537109 0.034180 0.027344
1 0.319824 0.535645 0.028320 0.018555
10 0.762695 0.540039 0.041016 0.035156
0 0.627441 0.546387 0.028320 0.045898
3 0.522461 0.544434 0.037109 0.045898
0 0.760254 0.535645 0.016602 0.028320
6 0.235840 0.529297 0.036133 0.027344
6 0.158691 0.534180 0.049805 0.035156
7 0.869629 0.542969 0.018555 0.021484
7 0.219727 0.532227 0.042969 0.017578
0 0.417969 0.530273 0.017578 0.025391
