4 0.635254 0.527344 0.020508 0.025391
3 0.215820 0.522461 0.013672 0.023438
9 0.276855 0.618164 0.036133 0.041016
10 0.681152 0.536621 0.034180 0.026367
9 0.724121 0.481445 0.028320 0.021484
1 0.329590 0.542969 0.014648 0.021484
10 0.701660 0.533691 0.034180 0.026367
0 0.740234 0.590332 0.021484 0.032227
3 0.678223 0.598633 0.026367 0.033203
0 0.633789 0.501953 0.013672 0.021484
6 0.242676 0.545410 0.014648 0.026367
6 0.312500 0.594727 0.017578 0.031250
7 0.713379 0.506348 0.028320 0.022461
7 0.195801 0.537598 0.016602 0.026367
0 0.356934 0.512207 0.012695 0.022461
