4 0.647949 0.540527 0.018555 0.026367
3 0.308105 0.515137 0.020508 0.020508
9 0.158203 0.548340 0.044922 0.032227
10 0.671387 0.547363 0.034180 0.028320
9 0.866699 0.528320 0.026367 0.023438
1 0.354004 0.529785 0.022461 0.016602
10 0.701172 0.547852 0.033203 0.029297
0 0.588867 0.572266 0.021484 0.035156
3 0.513184 0.569824 0.026367 0.034180
0 0.709473 0.530762 0.014648 0.024414
6 0.285156 0.523926 0.029297 0.022461
6 0.235352 0.543457 0.037109 0.028320
7 0.793457 0.540527 0.016602 0.020508
7 0.270020 0.521484 0.034180 0.017578
0 0.432129 0.518555 0.014648 0.021484
