4 0.708496 0.533203 0.026367 0.041016
3 0.149902 0.464355 0.028320 0.032227
9 0.038086 0.730469 0.076172 0.068359
10 0.769531 0.566895 0.050781 0.040039
9 0.889648 0.426270 0.041016 0.034180
1 0.262207 0.523438 0.026367 0.033203
10 0.805176 0.562012 0.051758 0.040039
0 0.803223 0.747559 0.036133 0.053711
3 0.688477 0.761230 0.037109 0.055664
0 0.734863 0.467285 0.020508 0.032227
6 0.145508 0.521973 0.037109 0.036133
6 0.142578 0.666992 0.048828 0.048828
7 0.852539 0.484375 0.037109 0.042969
7 0.104004 0.492676 0.041992 0.043945
0 0.340820 0.457031 0.019531 0.031250
