4 0.676758 0.535645 0.021484 0.030273
3 0.187500 0.530762 0.021484 0.026367
9 0.128906 0.555664 0.058594 0.042969
10 0.728516 0.539062 0.041016 0.031250
9 0.824219 0.525391 0.033203 0.023438
1 0.293457 0.540527 0.020508 0.020508
10 0.758301 0.538086 0.041992 0.031250
0 0.765625 0.554688 0.027344 0.041016
3 0.673340 0.556152 0.030273 0.041992
0 0.694336 0.529297 0.015625 0.025391
6 0.191406 0.536133 0.027344 0.029297
6 0.208496 0.549316 0.034180 0.038086
7 0.794922 0.535156 0.031250 0.019531
7 0.150879 0.537598 0.032227 0.020508
0 0.354980 0.529297 0.014648 0.025391
