8 0.683594 0.524414 0.064453 0.052734
10 0.638672 0.520508 0.052734 0.041016
3 0.198730 0.603027 0.036133 0.045898
7 0.382812 0.921387 0.101562 0.127930
8 0.237305 0.662109 0.060547 0.080078
8 0.059082 0.692383 0.053711 0.087891
0 0.741211 0.487793 0.025391 0.034180
10 0.395020 0.507324 0.047852 0.038086
10 0.940918 0.643555 0.077148 0.058594
1 0.797363 0.750000 0.067383 0.060547
3 0.445801 0.398926 0.022461 0.024414
1 0.601562 0.413574 0.025391 0.020508
8 0.458984 0.440430 0.041016 0.037109
0 0.348145 0.409180 0.016602 0.025391
7 0.720215 0.744629 0.104492 0.084961
