8 0.661621 0.528320 0.055664 0.035156
10 0.622070 0.527832 0.046875 0.032227
3 0.223633 0.552246 0.031250 0.038086
7 0.362305 0.635254 0.080078 0.059570
8 0.254395 0.567383 0.049805 0.048828
8 0.099121 0.576172 0.041992 0.052734
0 0.719238 0.518066 0.022461 0.028320
10 0.403809 0.526367 0.041992 0.031250
10 0.876953 0.556641 0.066406 0.044922
1 0.734863 0.590332 0.055664 0.038086
3 0.459961 0.496582 0.019531 0.020508
1 0.602051 0.501953 0.022461 0.015625
8 0.468262 0.508301 0.036133 0.026367
0 0.370117 0.500977 0.015625 0.021484
7 0.667969 0.589355 0.085938 0.043945
