8 0.653320 0.545410 0.041016 0.049805
10 0.620117 0.539062 0.041016 0.033203
3 0.239258 0.567871 0.019531 0.034180
7 0.209473 0.796387 0.030273 0.083008
8 0.233887 0.614258 0.024414 0.060547
8 0.107910 0.620605 0.026367 0.061523
0 0.734375 0.517090 0.021484 0.030273
10 0.435547 0.505371 0.035156 0.030273
10 0.772461 0.673828 0.060547 0.046875
1 0.577148 0.735840 0.037109 0.047852
3 0.555176 0.408203 0.016602 0.021484
1 0.681152 0.433105 0.020508 0.018555
8 0.532715 0.449707 0.026367 0.034180
0 0.465332 0.411133 0.012695 0.021484
7 0.524414 0.723145 0.048828 0.069336
