8 0.659180 0.529297 0.054688 0.031250
10 0.620117 0.529297 0.046875 0.031250
3 0.224609 0.541992 0.029297 0.035156
7 0.349609 0.576660 0.076172 0.045898
8 0.252930 0.547363 0.046875 0.041992
8 0.100586 0.551758 0.039062 0.044922
0 0.717773 0.524902 0.021484 0.028320
10 0.405273 0.531250 0.041016 0.029297
10 0.865723 0.537109 0.065430 0.041016
1 0.721191 0.555664 0.053711 0.033203
3 0.464844 0.519531 0.019531 0.019531
1 0.604980 0.521973 0.022461 0.014648
8 0.471680 0.523926 0.035156 0.024414
0 0.375977 0.521973 0.015625 0.020508
7 0.655762 0.556152 0.083008 0.036133
