8 0.697754 0.529785 0.067383 0.043945
10 0.649414 0.528809 0.056641 0.040039
3 0.149414 0.555176 0.033203 0.045898
7 0.212891 0.683594 0.087891 0.095703
8 0.163086 0.575684 0.048828 0.063477
0 0.770020 0.518555 0.026367 0.035156
10 0.392090 0.525391 0.047852 0.037109
10 0.962891 0.569824 0.072266 0.059570
1 0.775879 0.615723 0.077148 0.055664
3 0.480469 0.493164 0.021484 0.023438
1 0.639160 0.500000 0.026367 0.017578
8 0.480957 0.505371 0.040039 0.030273
0 0.377441 0.496582 0.016602 0.024414
7 0.684570 0.613770 0.113281 0.063477
