8 0.655762 0.533691 0.047852 0.034180
10 0.619629 0.532715 0.043945 0.030273
3 0.228516 0.545410 0.023438 0.034180
7 0.248535 0.603027 0.045898 0.047852
8 0.234863 0.555664 0.032227 0.042969
8 0.096191 0.559570 0.024414 0.042969
0 0.727539 0.526855 0.021484 0.028320
10 0.421875 0.529785 0.037109 0.028320
10 0.815430 0.556152 0.062500 0.041992
1 0.635254 0.579102 0.045898 0.035156
3 0.517090 0.508789 0.018555 0.019531
1 0.648438 0.514648 0.021484 0.015625
8 0.506836 0.517090 0.029297 0.024414
0 0.428711 0.511230 0.013672 0.020508
7 0.575684 0.578125 0.063477 0.039062
