8 0.670410 0.529785 0.057617 0.034180
10 0.628906 0.529297 0.048828 0.033203
3 0.202148 0.544434 0.029297 0.038086
7 0.296875 0.593262 0.074219 0.053711
8 0.223633 0.551758 0.044922 0.046875
8 0.059082 0.557129 0.036133 0.049805
0 0.735352 0.523926 0.023438 0.030273
10 0.403320 0.530273 0.042969 0.031250
10 0.888672 0.543457 0.072266 0.045898
1 0.722656 0.565918 0.058594 0.038086
3 0.477051 0.515625 0.020508 0.021484
1 0.622070 0.519043 0.023438 0.014648
8 0.479492 0.520996 0.035156 0.026367
0 0.383789 0.517578 0.015625 0.021484
7 0.651367 0.566406 0.087891 0.041016
