1 0.679688 0.752930 0.046875 0.050781
3 0.634277 0.562500 0.028320 0.033203
3 0.784180 0.474121 0.023438 0.024414
7 0.588379 0.751465 0.061523 0.073242
0 0.221680 0.508301 0.015625 0.026367
9 0.077637 0.581543 0.041992 0.041992
2 0.860840 0.466797 0.024414 0.025391
2 0.227539 0.499023 0.015625 0.029297
5 0.084961 0.683594 0.031250 0.064453
10 0.249023 0.512695 0.031250 0.029297
8 0.379395 0.472168 0.020508 0.030273
0 0.716309 0.450195 0.014648 0.021484
8 0.361328 0.583984 0.029297 0.050781
3 0.713379 0.580078 0.032227 0.035156
7 0.777344 0.532715 0.044922 0.032227
