1 0.186035 0.683594 0.043945 0.039062
3 0.529785 0.575195 0.026367 0.031250
3 0.909180 0.543945 0.017578 0.027344
7 0.149902 0.663574 0.071289 0.049805
0 0.384766 0.476562 0.015625 0.021484
9 0.193359 0.501465 0.037109 0.028320
2 0.407227 0.471680 0.019531 0.023438
5 0.053711 0.552246 0.046875 0.038086
10 0.394043 0.483398 0.030273 0.023438
8 0.558105 0.472656 0.026367 0.027344
0 0.913574 0.510254 0.014648 0.024414
8 0.316895 0.540527 0.043945 0.038086
3 0.544434 0.602051 0.028320 0.034180
7 0.729004 0.586426 0.030273 0.036133
