1 0.409180 0.749023 0.035156 0.054688
3 0.604004 0.571777 0.020508 0.036133
3 0.887695 0.505371 0.023438 0.026367
7 0.319336 0.734375 0.048828 0.076172
0 0.273926 0.494629 0.016602 0.026367
9 0.073242 0.541016 0.046875 0.035156
2 0.988281 0.503906 0.021484 0.029297
2 0.290527 0.487305 0.018555 0.027344
10 0.293945 0.499512 0.033203 0.026367
8 0.458496 0.475586 0.014648 0.029297
0 0.838379 0.478516 0.016602 0.023438
8 0.307129 0.565430 0.032227 0.048828
3 0.667480 0.595703 0.024414 0.039062
7 0.805664 0.559082 0.035156 0.036133
