1 0.143066 0.548340 0.055664 0.032227
3 0.546387 0.537109 0.028320 0.033203
3 0.961914 0.540527 0.017578 0.028320
7 0.097656 0.546387 0.089844 0.032227
0 0.366699 0.528809 0.016602 0.022461
9 0.152344 0.528320 0.041016 0.025391
2 0.389648 0.529297 0.021484 0.021484
5 0.007812 0.529785 0.015625 0.032227
10 0.377441 0.529785 0.034180 0.022461
8 0.555176 0.531250 0.026367 0.021484
0 0.951660 0.538086 0.014648 0.025391
8 0.296387 0.532715 0.049805 0.030273
3 0.570312 0.539551 0.031250 0.036133
7 0.776855 0.546387 0.028320 0.024414
