1 0.677246 0.744629 0.043945 0.047852
3 0.629883 0.562012 0.027344 0.032227
3 0.771484 0.472656 0.023438 0.023438
7 0.591797 0.744141 0.058594 0.068359
0 0.229980 0.509277 0.014648 0.026367
9 0.098633 0.583008 0.039062 0.041016
2 0.845215 0.464844 0.024414 0.025391
2 0.235352 0.499512 0.015625 0.028320
5 0.116699 0.682617 0.026367 0.060547
10 0.256836 0.513672 0.029297 0.027344
8 0.380371 0.471680 0.020508 0.029297
0 0.705566 0.447754 0.014648 0.020508
8 0.370605 0.584473 0.030273 0.049805
3 0.705078 0.578613 0.031250 0.034180
7 0.764648 0.531250 0.042969 0.031250
