1 0.239746 0.661133 0.041992 0.037109
3 0.546875 0.565918 0.023438 0.030273
3 0.896484 0.534668 0.015625 0.026367
7 0.193848 0.646973 0.065430 0.047852
0 0.362793 0.493652 0.014648 0.022461
9 0.174805 0.516602 0.037109 0.027344
2 0.996582 0.540039 0.004883 0.029297
2 0.382812 0.489258 0.019531 0.023438
5 0.047852 0.559570 0.046875 0.037109
10 0.374023 0.498535 0.031250 0.022461
8 0.533691 0.488281 0.022461 0.025391
0 0.886719 0.509766 0.013672 0.023438
8 0.319824 0.544434 0.040039 0.036133
3 0.572754 0.585938 0.024414 0.033203
7 0.743652 0.570801 0.022461 0.032227
