5 0.984375 0.556152 0.029297 0.045898
10 0.589844 0.442383 0.031250 0.023438
2 0.024902 0.509277 0.018555 0.032227
3 0.378906 0.513672 0.023438 0.031250
4 0.594727 0.470215 0.023438 0.026367
8 0.056152 0.568848 0.022461 0.051758
4 0.082031 0.667480 0.029297 0.053711
4 0.318359 0.506348 0.021484 0.032227
2 0.069824 0.540039 0.020508 0.037109
8 0.256348 0.666504 0.041992 0.075195
5 0.355469 0.574707 0.033203 0.047852
9 0.982422 0.547363 0.033203 0.041992
5 0.977539 0.613770 0.042969 0.057617
3 0.705566 0.489746 0.028320 0.028320
