5 0.976074 0.532715 0.045898 0.034180
10 0.575684 0.515625 0.030273 0.021484
2 0.023438 0.535645 0.015625 0.028320
3 0.375977 0.531738 0.023438 0.028320
4 0.583008 0.520996 0.023438 0.024414
8 0.060547 0.546875 0.021484 0.037109
4 0.095215 0.565918 0.028320 0.045898
4 0.315430 0.531250 0.021484 0.027344
2 0.071289 0.541504 0.019531 0.032227
8 0.270020 0.563965 0.043945 0.049805
5 0.358887 0.544434 0.034180 0.036133
9 0.974121 0.531250 0.049805 0.033203
5 0.972656 0.543945 0.052734 0.041016
3 0.692383 0.523438 0.027344 0.025391
