5 0.864746 0.664062 0.026367 0.060547
10 0.822754 0.483398 0.028320 0.025391
2 0.288086 0.456055 0.021484 0.023438
3 0.470215 0.502930 0.022461 0.027344
4 0.741211 0.506348 0.017578 0.028320
8 0.202148 0.493652 0.042969 0.034180
4 0.066406 0.546387 0.037109 0.034180
4 0.447266 0.489258 0.021484 0.027344
10 0.979492 0.730957 0.039062 0.057617
2 0.254883 0.479004 0.025391 0.026367
8 0.125488 0.569824 0.061523 0.049805
5 0.327637 0.536133 0.036133 0.039062
9 0.890625 0.656250 0.048828 0.054688
5 0.666504 0.697266 0.038086 0.068359
3 0.786133 0.541992 0.019531 0.031250
