5 0.931152 0.548828 0.047852 0.037109
10 0.586426 0.475098 0.028320 0.020508
2 0.084473 0.519043 0.014648 0.028320
3 0.394043 0.521973 0.020508 0.026367
4 0.588379 0.493164 0.020508 0.023438
8 0.117188 0.556152 0.019531 0.040039
4 0.146973 0.613770 0.024414 0.041992
4 0.340820 0.517090 0.019531 0.026367
2 0.125977 0.538574 0.017578 0.030273
8 0.291016 0.613281 0.035156 0.054688
5 0.373535 0.559570 0.028320 0.039062
9 0.928711 0.542969 0.048828 0.035156
5 0.911133 0.583008 0.054688 0.044922
3 0.684570 0.506348 0.023438 0.024414
