7 0.721191 0.744141 0.034180 0.078125
5 0.310059 0.452637 0.026367 0.028320
5 0.271973 0.453613 0.028320 0.028320
7 0.610840 0.646484 0.036133 0.056641
9 0.399414 0.531738 0.042969 0.038086
1 0.261230 0.576660 0.034180 0.032227
5 0.626465 0.559570 0.026367 0.046875
4 0.521484 0.659668 0.033203 0.051758
3 0.835449 0.481934 0.016602 0.026367
2 0.531738 0.498535 0.020508 0.032227
7 0.706543 0.598633 0.026367 0.046875
6 0.159668 0.479492 0.036133 0.027344
7 0.378418 0.471680 0.030273 0.025391
9 0.666992 0.642090 0.050781 0.055664
2 0.836914 0.572266 0.021484 0.042969
