7 0.502441 0.874023 0.141602 0.146484
5 0.387695 0.434570 0.037109 0.031250
5 0.345703 0.432617 0.039062 0.031250
7 0.494141 0.687500 0.099609 0.083984
9 0.380371 0.517578 0.059570 0.048828
1 0.159668 0.551270 0.053711 0.038086
5 0.635742 0.573730 0.056641 0.063477
4 0.336426 0.687988 0.071289 0.079102
2 0.590332 0.495117 0.034180 0.041016
7 0.708496 0.636719 0.071289 0.068359
6 0.196289 0.447754 0.046875 0.030273
7 0.444336 0.457520 0.048828 0.028320
9 0.576172 0.690430 0.095703 0.091797
2 0.942871 0.620117 0.043945 0.066406
