7 0.794434 0.602051 0.038086 0.057617
5 0.291992 0.514648 0.029297 0.025391
5 0.251465 0.514648 0.030273 0.025391
7 0.640625 0.571289 0.039062 0.041016
9 0.388672 0.533691 0.048828 0.036133
1 0.228027 0.548828 0.040039 0.029297
5 0.647461 0.541992 0.027344 0.041016
4 0.534180 0.567383 0.039062 0.054688
3 0.866699 0.524902 0.018555 0.028320
2 0.535645 0.526855 0.022461 0.030273
7 0.745117 0.558105 0.025391 0.034180
6 0.125000 0.520020 0.039062 0.028320
7 0.366699 0.523438 0.034180 0.019531
9 0.707520 0.563965 0.057617 0.053711
2 0.890625 0.546875 0.027344 0.041016
