7 0.578613 0.702148 0.057617 0.062500
5 0.375977 0.460938 0.027344 0.025391
5 0.342285 0.460938 0.028320 0.025391
7 0.536621 0.624023 0.049805 0.046875
9 0.411133 0.526367 0.041016 0.035156
1 0.270508 0.554688 0.033203 0.027344
5 0.600586 0.558594 0.033203 0.041016
4 0.446289 0.627441 0.037109 0.045898
3 0.860352 0.505371 0.017578 0.026367
2 0.550781 0.505859 0.023438 0.029297
7 0.654785 0.593750 0.040039 0.041016
6 0.233398 0.477051 0.033203 0.024414
7 0.428711 0.479004 0.033203 0.022461
9 0.586914 0.623047 0.052734 0.050781
2 0.794922 0.578613 0.025391 0.040039
