7 0.894043 0.626953 0.063477 0.044922
5 0.181641 0.497559 0.015625 0.030273
5 0.146484 0.503906 0.015625 0.031250
7 0.729492 0.590820 0.048828 0.039062
9 0.425293 0.546875 0.036133 0.035156
1 0.392090 0.603516 0.024414 0.031250
5 0.625000 0.533691 0.031250 0.036133
4 0.704102 0.611328 0.033203 0.039062
3 0.634277 0.455078 0.018555 0.021484
2 0.462891 0.502441 0.019531 0.028320
7 0.717773 0.548828 0.042969 0.033203
6 0.087402 0.546875 0.018555 0.029297
7 0.279297 0.503418 0.019531 0.026367
9 0.760742 0.579590 0.046875 0.040039
2 0.759277 0.515137 0.026367 0.030273
