7 0.883301 0.623047 0.061523 0.044922
5 0.195312 0.499512 0.013672 0.028320
5 0.159668 0.503906 0.014648 0.029297
7 0.719238 0.588379 0.045898 0.038086
9 0.421875 0.544434 0.035156 0.034180
1 0.376465 0.592773 0.022461 0.029297
5 0.625977 0.536133 0.029297 0.035156
4 0.688477 0.604492 0.031250 0.039062
3 0.652832 0.469727 0.018555 0.021484
2 0.469238 0.507812 0.018555 0.027344
7 0.717773 0.551270 0.041016 0.032227
6 0.094238 0.539551 0.020508 0.028320
7 0.289551 0.506348 0.016602 0.024414
9 0.753906 0.578125 0.046875 0.039062
2 0.766602 0.522949 0.025391 0.030273
