7 0.599121 0.629883 0.061523 0.052734
5 0.369629 0.496094 0.028320 0.023438
5 0.334473 0.496094 0.028320 0.023438
7 0.546875 0.585449 0.052734 0.040039
9 0.407227 0.529297 0.042969 0.033203
1 0.256348 0.545898 0.036133 0.025391
5 0.610840 0.547363 0.034180 0.038086
4 0.448730 0.583008 0.040039 0.046875
3 0.878906 0.521484 0.017578 0.027344
2 0.554688 0.519531 0.023438 0.029297
7 0.672363 0.568848 0.040039 0.034180
6 0.219727 0.502441 0.035156 0.024414
7 0.424805 0.507324 0.035156 0.018555
9 0.602051 0.581543 0.057617 0.047852
2 0.821289 0.558594 0.025391 0.039062
