0 0.039062 0.610352 0.029297 0.044922
1 0.406738 0.507812 0.014648 0.017578
5 0.822266 0.527832 0.035156 0.032227
0 0.254883 0.508789 0.013672 0.023438
10 0.788086 0.606934 0.062500 0.045898
9 0.309570 0.494141 0.023438 0.023438
1 0.508301 0.593262 0.028320 0.032227
0 0.187012 0.514648 0.014648 0.025391
10 0.111328 0.553711 0.041016 0.033203
6 0.851074 0.624023 0.057617 0.048828
5 0.811523 0.486816 0.025391 0.022461
6 0.289551 0.558105 0.018555 0.034180
2 0.450195 0.654785 0.035156 0.061523
0 0.620117 0.493164 0.013672 0.021484
