0 0.043457 0.666016 0.030273 0.042969
1 0.419922 0.475098 0.013672 0.018555
5 0.823730 0.526367 0.034180 0.037109
0 0.270996 0.477051 0.014648 0.024414
10 0.757812 0.679199 0.058594 0.045898
9 0.327148 0.449707 0.023438 0.024414
1 0.491699 0.639648 0.024414 0.037109
0 0.204102 0.487305 0.015625 0.025391
10 0.122559 0.560547 0.041992 0.033203
6 0.813477 0.713867 0.052734 0.048828
5 0.832031 0.443359 0.025391 0.025391
6 0.291016 0.573730 0.019531 0.034180
2 0.415039 0.758301 0.029297 0.065430
0 0.634766 0.453613 0.013672 0.022461
