0 0.107422 0.588379 0.025391 0.043945
1 0.376953 0.521973 0.017578 0.016602
5 0.791504 0.524902 0.036133 0.028320
0 0.226074 0.523438 0.014648 0.023438
10 0.827148 0.568359 0.060547 0.041016
9 0.267090 0.514160 0.026367 0.022461
1 0.555176 0.569824 0.032227 0.028320
0 0.160645 0.528320 0.014648 0.025391
10 0.121582 0.553223 0.038086 0.034180
6 0.894043 0.576172 0.061523 0.042969
5 0.747070 0.501953 0.025391 0.019531
6 0.310059 0.551758 0.024414 0.033203
2 0.563477 0.603027 0.042969 0.053711
0 0.574707 0.508301 0.014648 0.020508
