0 0.096191 0.688477 0.028320 0.046875
1 0.381836 0.482422 0.017578 0.019531
5 0.802734 0.510742 0.037109 0.035156
0 0.228516 0.490234 0.015625 0.025391
10 0.826660 0.649414 0.063477 0.046875
9 0.271973 0.461914 0.026367 0.025391
1 0.550293 0.632324 0.032227 0.036133
0 0.162109 0.502930 0.015625 0.027344
10 0.117188 0.579590 0.039062 0.036133
6 0.893555 0.676758 0.062500 0.046875
5 0.763184 0.437012 0.026367 0.024414
6 0.306641 0.581543 0.025391 0.036133
2 0.548340 0.748047 0.041992 0.066406
0 0.584473 0.453613 0.014648 0.022461
