0 0.424316 0.515137 0.018555 0.030273
10 0.492676 0.541016 0.041992 0.035156
6 0.394531 0.514160 0.025391 0.030273
10 0.616211 0.476562 0.035156 0.027344
1 0.468750 0.610352 0.031250 0.035156
2 0.572266 0.528809 0.027344 0.036133
0 0.745117 0.480957 0.019531 0.026367
2 0.592285 0.615723 0.036133 0.049805
3 0.561035 0.451660 0.018555 0.022461
2 0.533203 0.539062 0.027344 0.037109
3 0.504395 0.479492 0.020508 0.025391
1 0.515137 0.581543 0.030273 0.032227
5 0.416504 0.578125 0.032227 0.048828
7 0.096191 0.735840 0.032227 0.075195
0 0.324707 0.635742 0.026367 0.044922
