0 0.408203 0.502441 0.023438 0.036133
10 0.493164 0.543945 0.050781 0.042969
6 0.373535 0.501465 0.030273 0.036133
10 0.626953 0.441895 0.041016 0.032227
1 0.471191 0.659180 0.040039 0.048828
2 0.585938 0.524414 0.033203 0.044922
0 0.776367 0.448242 0.023438 0.031250
2 0.627441 0.669922 0.047852 0.066406
3 0.559082 0.404785 0.022461 0.026367
2 0.541016 0.541016 0.033203 0.046875
3 0.498535 0.447266 0.024414 0.031250
1 0.525391 0.608398 0.037109 0.042969
5 0.404785 0.606934 0.041992 0.065430
0 0.292969 0.709473 0.035156 0.057617
