0 0.328613 0.509766 0.038086 0.052734
10 0.495605 0.539551 0.083008 0.065430
6 0.270020 0.512207 0.059570 0.053711
10 0.555176 0.437012 0.053711 0.040039
1 0.618164 0.681152 0.091797 0.079102
2 0.603516 0.509766 0.056641 0.058594
0 0.739746 0.430176 0.028320 0.038086
2 0.886230 0.660645 0.104492 0.102539
3 0.434082 0.414551 0.032227 0.032227
2 0.563965 0.530273 0.059570 0.064453
3 0.397461 0.451660 0.039062 0.040039
1 0.625000 0.607422 0.076172 0.062500
5 0.443359 0.624023 0.097656 0.099609
0 0.383789 0.802734 0.080078 0.123047
