0 0.385742 0.516602 0.025391 0.037109
10 0.496094 0.537598 0.056641 0.043945
6 0.345215 0.517578 0.040039 0.037109
10 0.567871 0.469727 0.041992 0.031250
1 0.541992 0.613770 0.050781 0.043945
2 0.578613 0.520508 0.038086 0.041016
0 0.713867 0.466797 0.021484 0.029297
2 0.707031 0.605469 0.056641 0.060547
3 0.480957 0.451172 0.024414 0.025391
2 0.543945 0.532715 0.039062 0.043945
3 0.444824 0.478516 0.028320 0.031250
1 0.565430 0.578125 0.046875 0.039062
5 0.444824 0.582031 0.057617 0.058594
7 0.149414 0.829102 0.089844 0.121094
0 0.389160 0.656250 0.041992 0.062500
