0 0.489258 0.514648 0.017578 0.027344
10 0.482422 0.536621 0.039062 0.030273
6 0.478516 0.511230 0.027344 0.026367
10 0.737305 0.517090 0.031250 0.028320
1 0.332520 0.568359 0.032227 0.027344
2 0.561523 0.541016 0.023438 0.033203
0 0.846680 0.538086 0.017578 0.029297
2 0.382812 0.585938 0.033203 0.041016
3 0.755859 0.495117 0.015625 0.023438
2 0.509766 0.541016 0.025391 0.033203
3 0.634277 0.504883 0.018555 0.025391
1 0.417480 0.561035 0.028320 0.026367
5 0.354492 0.544922 0.037109 0.037109
7 0.011719 0.573730 0.023438 0.036133
0 0.205078 0.559570 0.025391 0.033203
