0 0.493164 0.506836 0.017578 0.027344
10 0.480957 0.536621 0.040039 0.032227
6 0.483887 0.502441 0.028320 0.026367
10 0.746582 0.512695 0.034180 0.029297
1 0.322266 0.575195 0.033203 0.029297
2 0.559570 0.542969 0.025391 0.035156
0 0.854004 0.542480 0.018555 0.030273
2 0.367188 0.600586 0.035156 0.042969
3 0.772461 0.482910 0.017578 0.024414
2 0.507324 0.541992 0.026367 0.035156
3 0.643555 0.495605 0.019531 0.026367
1 0.409668 0.566895 0.030273 0.028320
5 0.349609 0.545898 0.039062 0.039062
7 0.010254 0.577637 0.020508 0.040039
0 0.197754 0.562988 0.024414 0.034180
