0 0.428223 0.523438 0.016602 0.027344
10 0.493164 0.538086 0.039062 0.031250
6 0.400391 0.522949 0.023438 0.026367
10 0.602051 0.499023 0.032227 0.023438
1 0.476074 0.580566 0.028320 0.028320
2 0.564453 0.530762 0.025391 0.030273
0 0.720703 0.500977 0.017578 0.023438
2 0.587402 0.580566 0.032227 0.040039
3 0.549805 0.483887 0.017578 0.020508
2 0.529785 0.537109 0.024414 0.031250
3 0.499023 0.501465 0.019531 0.024414
1 0.515625 0.563477 0.027344 0.025391
5 0.427246 0.560547 0.030273 0.039062
7 0.160156 0.653809 0.029297 0.051758
0 0.350098 0.594238 0.024414 0.038086
