0 0.418457 0.526855 0.018555 0.028320
10 0.492676 0.536621 0.041992 0.032227
6 0.387695 0.526855 0.027344 0.028320
10 0.597168 0.507812 0.034180 0.025391
1 0.484375 0.569824 0.033203 0.030273
2 0.567871 0.530762 0.028320 0.032227
0 0.723633 0.508301 0.017578 0.024414
2 0.608398 0.566406 0.037109 0.042969
3 0.538086 0.498047 0.019531 0.021484
2 0.531738 0.535156 0.028320 0.033203
3 0.489258 0.510742 0.021484 0.025391
1 0.523438 0.556641 0.031250 0.027344
5 0.426270 0.553711 0.036133 0.041016
7 0.138184 0.631836 0.036133 0.052734
0 0.348633 0.579590 0.027344 0.041992
