0 0.448242 0.525879 0.013672 0.026367
10 0.488281 0.538574 0.033203 0.030273
6 0.425781 0.524902 0.013672 0.026367
10 0.665039 0.514160 0.031250 0.024414
1 0.406250 0.570801 0.019531 0.028320
2 0.569824 0.536133 0.018555 0.031250
0 0.788574 0.519531 0.018555 0.025391
2 0.507324 0.574219 0.022461 0.041016
3 0.635742 0.500977 0.015625 0.021484
2 0.524414 0.539551 0.017578 0.032227
3 0.555176 0.512695 0.014648 0.023438
1 0.474121 0.559570 0.018555 0.025391
5 0.385254 0.552246 0.018555 0.038086
7 0.022461 0.606445 0.044922 0.042969
0 0.260254 0.572754 0.022461 0.038086
