8 0.320801 0.539551 0.020508 0.028320
5 0.729004 0.539551 0.038086 0.032227
1 0.377441 0.535645 0.014648 0.014648
0 0.315918 0.531738 0.012695 0.020508
0 0.384277 0.544922 0.020508 0.033203
3 0.545898 0.548340 0.031250 0.038086
8 0.509277 0.540039 0.032227 0.031250
8 0.724121 0.530273 0.034180 0.023438
9 0.175781 0.538086 0.029297 0.025391
7 0.444824 0.534668 0.020508 0.014648
1 0.866211 0.538086 0.029297 0.017578
5 0.347656 0.536133 0.017578 0.025391
8 0.443359 0.532227 0.021484 0.023438
5 0.531738 0.535156 0.024414 0.025391
