8 0.275391 0.533203 0.039062 0.052734
5 0.692871 0.675781 0.030273 0.070312
1 0.441406 0.452637 0.017578 0.022461
0 0.388672 0.431641 0.015625 0.025391
0 0.230957 0.639648 0.030273 0.044922
3 0.327637 0.759277 0.041992 0.057617
8 0.440918 0.600586 0.032227 0.066406
8 0.852051 0.511230 0.032227 0.047852
9 0.176270 0.478027 0.041992 0.034180
7 0.528320 0.449219 0.017578 0.029297
1 0.980957 0.627441 0.036133 0.040039
5 0.348633 0.497559 0.027344 0.041992
8 0.505859 0.463379 0.019531 0.040039
5 0.548340 0.530273 0.020508 0.046875
