8 0.311523 0.551758 0.017578 0.046875
5 0.723633 0.621094 0.037109 0.050781
1 0.393555 0.472656 0.013672 0.019531
0 0.334473 0.458008 0.012695 0.023438
0 0.351562 0.637207 0.019531 0.038086
3 0.500977 0.710449 0.027344 0.043945
8 0.496094 0.589844 0.027344 0.052734
8 0.756836 0.491699 0.033203 0.038086
9 0.176758 0.514160 0.033203 0.032227
7 0.466309 0.463867 0.018555 0.025391
1 0.893555 0.565918 0.031250 0.028320
5 0.349121 0.517090 0.016602 0.036133
8 0.459473 0.477539 0.018555 0.035156
5 0.537598 0.527832 0.022461 0.038086
