8 0.302734 0.540527 0.019531 0.032227
5 0.748047 0.544922 0.042969 0.037109
1 0.375977 0.532715 0.015625 0.016602
0 0.312988 0.528320 0.012695 0.021484
0 0.358887 0.550781 0.022461 0.037109
3 0.532715 0.558105 0.034180 0.043945
8 0.504883 0.542969 0.033203 0.035156
8 0.749512 0.528320 0.036133 0.025391
9 0.152344 0.536621 0.033203 0.028320
7 0.449219 0.530762 0.019531 0.016602
1 0.905273 0.540527 0.033203 0.020508
5 0.336914 0.535645 0.017578 0.028320
8 0.445312 0.529785 0.021484 0.024414
5 0.535645 0.535156 0.026367 0.029297
