8 0.257812 0.568848 0.052734 0.059570
5 0.901855 0.568848 0.077148 0.057617
1 0.267578 0.499512 0.027344 0.024414
0 0.170898 0.492188 0.021484 0.031250
0 0.450195 0.640137 0.041016 0.061523
3 0.790527 0.683105 0.075195 0.071289
8 0.577148 0.574219 0.074219 0.062500
8 0.729492 0.478027 0.054688 0.036133
9 0.008789 0.555176 0.017578 0.049805
7 0.352051 0.486816 0.038086 0.026367
1 0.973145 0.515137 0.045898 0.028320
5 0.266602 0.535156 0.039062 0.046875
8 0.365723 0.494141 0.041992 0.039062
5 0.535156 0.521973 0.046875 0.043945
