8 0.330078 0.540527 0.019531 0.028320
5 0.715820 0.545898 0.035156 0.031250
1 0.383301 0.530762 0.014648 0.014648
0 0.324219 0.525879 0.011719 0.020508
0 0.390625 0.552734 0.019531 0.031250
3 0.541992 0.561035 0.029297 0.036133
8 0.508789 0.543945 0.031250 0.031250
8 0.715820 0.526367 0.031250 0.023438
9 0.191406 0.536621 0.027344 0.024414
7 0.447266 0.528320 0.019531 0.015625
1 0.848633 0.539551 0.027344 0.018555
5 0.354980 0.535156 0.018555 0.025391
8 0.445801 0.527832 0.020508 0.022461
5 0.530273 0.534180 0.023438 0.025391
