8 0.336426 0.517090 0.045898 0.032227
5 0.510742 0.596680 0.046875 0.048828
1 0.541992 0.499023 0.021484 0.017578
0 0.516602 0.485840 0.015625 0.022461
0 0.218750 0.549805 0.025391 0.033203
3 0.191406 0.592773 0.044922 0.041016
7 0.659180 0.721680 0.072266 0.070312
8 0.393066 0.550781 0.053711 0.041016
8 0.844727 0.549805 0.031250 0.039062
9 0.315430 0.492188 0.035156 0.025391
7 0.619629 0.503418 0.030273 0.020508
1 0.831543 0.611328 0.030273 0.033203
5 0.420898 0.508789 0.033203 0.029297
8 0.580566 0.504883 0.034180 0.029297
5 0.544434 0.533691 0.034180 0.034180
