7 0.658203 0.537598 0.027344 0.032227
0 0.960938 0.547852 0.017578 0.029297
10 0.148438 0.502441 0.039062 0.028320
5 0.093750 0.572754 0.046875 0.041992
9 0.286133 0.576172 0.044922 0.039062
10 0.229492 0.519531 0.039062 0.029297
2 0.747070 0.611816 0.023438 0.040039
9 0.405273 0.458008 0.029297 0.025391
3 0.679199 0.504883 0.018555 0.025391
7 0.107910 0.632812 0.063477 0.046875
8 0.583496 0.511719 0.028320 0.037109
1 0.654297 0.530762 0.019531 0.024414
4 0.511719 0.482422 0.019531 0.025391
1 0.687012 0.633301 0.024414 0.032227
1 0.643066 0.528320 0.020508 0.023438
