7 0.649414 0.488281 0.054688 0.039062
0 0.871094 0.427246 0.023438 0.030273
5 0.032715 0.834961 0.051758 0.126953
9 0.410645 0.680176 0.079102 0.081055
10 0.057129 0.643555 0.065430 0.062500
2 0.938477 0.522461 0.050781 0.048828
9 0.117676 0.487305 0.043945 0.042969
3 0.573730 0.454102 0.030273 0.033203
7 0.375488 0.925781 0.098633 0.146484
8 0.513672 0.484375 0.046875 0.048828
1 0.624023 0.483398 0.033203 0.029297
4 0.341797 0.478027 0.027344 0.038086
1 0.956543 0.560547 0.053711 0.041016
1 0.608887 0.484375 0.034180 0.029297
