7 0.610840 0.513672 0.049805 0.025391
0 0.785156 0.481934 0.019531 0.024414
5 0.208984 0.650879 0.058594 0.077148
9 0.466309 0.588379 0.067383 0.055664
10 0.152832 0.583984 0.059570 0.048828
2 0.855469 0.518555 0.039062 0.035156
9 0.142090 0.521973 0.041992 0.034180
3 0.538574 0.498047 0.026367 0.027344
7 0.501953 0.675781 0.097656 0.072266
8 0.495605 0.511719 0.045898 0.035156
1 0.588379 0.511719 0.030273 0.021484
4 0.342285 0.512695 0.026367 0.031250
1 0.875000 0.535156 0.042969 0.027344
1 0.576660 0.512695 0.030273 0.021484
