7 0.637207 0.537598 0.018555 0.018555
0 0.872070 0.530762 0.015625 0.022461
10 0.105957 0.539551 0.038086 0.026367
5 0.141602 0.551270 0.033203 0.034180
9 0.352051 0.546875 0.036133 0.031250
10 0.219238 0.540039 0.036133 0.027344
2 0.784668 0.542480 0.022461 0.028320
9 0.324707 0.527832 0.026367 0.020508
3 0.621094 0.529297 0.013672 0.021484
7 0.231934 0.565430 0.038086 0.029297
8 0.550293 0.532227 0.014648 0.023438
1 0.625977 0.536621 0.015625 0.016602
4 0.453613 0.529297 0.012695 0.021484
1 0.757812 0.550293 0.023438 0.020508
1 0.614746 0.536621 0.014648 0.016602
