7 0.667480 0.539551 0.026367 0.022461
0 0.980957 0.541504 0.016602 0.028320
10 0.135742 0.522461 0.039062 0.025391
5 0.076660 0.543457 0.047852 0.034180
9 0.281738 0.545410 0.045898 0.034180
10 0.220215 0.528320 0.040039 0.027344
2 0.769043 0.559570 0.022461 0.035156
9 0.400879 0.511230 0.030273 0.022461
3 0.685547 0.526855 0.017578 0.024414
7 0.090820 0.566406 0.068359 0.031250
8 0.587402 0.528320 0.028320 0.029297
1 0.662109 0.537598 0.019531 0.018555
4 0.511719 0.519531 0.019531 0.023438
1 0.708496 0.569824 0.024414 0.026367
1 0.650391 0.537109 0.019531 0.019531
