7 0.616211 0.521484 0.025391 0.023438
0 0.811035 0.496582 0.014648 0.020508
10 0.124023 0.565918 0.035156 0.028320
5 0.212402 0.616211 0.022461 0.042969
9 0.399902 0.585938 0.034180 0.035156
10 0.242676 0.563965 0.030273 0.028320
2 0.770020 0.546875 0.024414 0.029297
9 0.298828 0.503418 0.023438 0.024414
3 0.587402 0.500977 0.016602 0.021484
7 0.332031 0.648926 0.021484 0.043945
8 0.531738 0.514648 0.020508 0.029297
1 0.603516 0.518555 0.017578 0.017578
4 0.431641 0.506348 0.013672 0.022461
1 0.755859 0.564453 0.025391 0.023438
1 0.593262 0.518555 0.016602 0.017578
