7 0.604004 0.507812 0.036133 0.025391
0 0.770996 0.467773 0.016602 0.021484
10 0.086426 0.604004 0.040039 0.038086
5 0.261719 0.664062 0.035156 0.056641
9 0.450195 0.604980 0.046875 0.043945
10 0.234375 0.590332 0.041016 0.036133
2 0.791504 0.526367 0.030273 0.031250
9 0.234375 0.507812 0.031250 0.029297
3 0.552734 0.485840 0.021484 0.022461
7 0.441895 0.694336 0.051758 0.056641
8 0.509766 0.504883 0.033203 0.033203
1 0.586914 0.504883 0.023438 0.019531
4 0.389648 0.501465 0.019531 0.026367
1 0.794434 0.548340 0.032227 0.024414
1 0.576172 0.505371 0.023438 0.020508
