0 0.554688 0.440918 0.013672 0.020508
3 0.272461 0.501465 0.019531 0.026367
9 0.713379 0.489746 0.036133 0.030273
9 0.118652 0.485840 0.030273 0.028320
7 0.553223 0.476074 0.032227 0.024414
6 0.309570 0.452148 0.019531 0.021484
2 0.868652 0.527832 0.032227 0.032227
3 0.430176 0.698242 0.034180 0.042969
2 0.786133 0.627441 0.039062 0.043945
5 0.430176 0.678223 0.041992 0.057617
10 0.111816 0.524414 0.032227 0.029297
6 0.919434 0.556641 0.047852 0.031250
6 0.536133 0.578613 0.035156 0.032227
2 0.517090 0.577148 0.028320 0.037109
0 0.678223 0.672852 0.028320 0.041016
