0 0.511230 0.466797 0.016602 0.021484
3 0.217285 0.518066 0.024414 0.028320
9 0.707031 0.493164 0.039062 0.029297
9 0.024414 0.513672 0.037109 0.031250
7 0.525391 0.491699 0.041016 0.022461
6 0.241211 0.483398 0.025391 0.023438
2 0.891113 0.511719 0.036133 0.031250
3 0.502441 0.659180 0.049805 0.052734
2 0.871582 0.583984 0.047852 0.044922
5 0.493652 0.644043 0.061523 0.061523
10 0.028320 0.542480 0.042969 0.034180
6 0.960449 0.528320 0.055664 0.033203
6 0.560547 0.561035 0.046875 0.036133
2 0.540527 0.561035 0.036133 0.040039
0 0.782715 0.623535 0.034180 0.047852
