0 0.572266 0.400391 0.017578 0.025391
3 0.222168 0.482910 0.022461 0.032227
9 0.768066 0.471191 0.045898 0.038086
9 0.040527 0.458496 0.036133 0.036133
7 0.568848 0.449219 0.040039 0.033203
6 0.278809 0.414551 0.022461 0.026367
2 0.971191 0.529297 0.043945 0.042969
3 0.385742 0.815430 0.046875 0.062500
2 0.882324 0.692871 0.057617 0.063477
5 0.388672 0.777344 0.054688 0.087891
10 0.019043 0.514648 0.038086 0.037109
6 0.543457 0.605469 0.045898 0.042969
2 0.518066 0.602539 0.036133 0.050781
0 0.738281 0.773438 0.041016 0.058594
