2 0.973145 0.588867 0.041992 0.041016
9 0.653809 0.470215 0.030273 0.024414
6 0.490723 0.469727 0.020508 0.021484
9 0.393066 0.686523 0.055664 0.058594
4 0.544434 0.496094 0.020508 0.025391
3 0.069336 0.520996 0.017578 0.026367
2 0.293945 0.620605 0.025391 0.043945
1 0.649902 0.505859 0.022461 0.019531
9 0.553711 0.541504 0.039062 0.034180
5 0.473145 0.492676 0.022461 0.028320
2 0.250977 0.665527 0.027344 0.051758
9 0.454102 0.497070 0.031250 0.027344
8 0.417480 0.488281 0.022461 0.029297
9 0.020508 0.740723 0.041016 0.067383
